0 0 61 94.0 NONE
0 1 23 119.0 NONE
0 2 44 53.0 NONE
0 3 87 139.0 NONE
0 4 40 133.0 NONE
0 5 99 128.0 NONE
0 6 70 76.0 NONE
0 7 69 86.0 NONE
0 8 100 199.0 NONE
0 9 7 153.0 NONE
0 10 71 27.0 NONE
0 11 25 74.0 NONE
0 12 69 170.0 NONE
0 13 78 57.0 NONE
0 14 28 123.0 NONE
0 15 29 161.0 NONE
0 16 14 41.0 NONE
0 17 26 175.0 NONE
0 18 29 88.0 NONE
0 19 4 61.0 NONE
0 20 49 74.0 NONE
0 21 79 39.0 NONE
0 22 65 42.0 NONE
0 23 42 73.0 NONE
0 24 61 124.0 NONE
0 25 47 64.0 NONE
0 26 78 102.0 NONE
0 27 70 118.0 NONE
0 28 2 115.0 NONE
0 29 20 157.0 NONE
0 30 61 49.0 NONE
0 31 8 168.0 NONE
0 32 19 123.0 NONE
0 33 1 52.0 NONE
0 34 63 4.0 NONE
0 35 75 10.0 NONE
0 36 5 166.0 NONE
0 37 85 47.0 NONE
0 38 29 162.0 NONE
0 39 36 119.0 NONE
0 40 16 38.0 NONE
0 41 49 29.0 NONE
0 42 90 33.0 NONE
0 43 7 94.0 NONE
0 44 74 1.0 NONE
0 45 34 178.0 NONE
0 46 80 136.0 NONE
0 47 54 117.0 NONE
0 48 40 164.0 NONE
0 49 0 128.0 NONE
0 50 42 101.0 NONE
0 51 47 188.0 NONE
0 52 59 60.0 NONE
0 53 7 71.0 NONE
0 54 56 5.0 NONE
0 55 71 122.0 NONE
0 56 77 170.0 NONE
0 57 52 96.0 NONE
0 58 91 20.0 NONE
0 59 91 127.0 NONE
0 60 96 176.0 NONE
0 61 56 137.0 NONE
0 62 80 97.0 NONE
0 63 30 67.0 NONE
0 64 29 7.0 NONE
0 65 87 131.0 NONE
0 66 51 49.0 NONE
0 67 4 133.0 NONE
0 68 51 172.0 NONE
0 69 63 50.0 NONE
0 70 78 60.0 NONE
0 71 20 112.0 NONE
0 72 66 118.0 NONE
0 73 76 113.0 NONE
0 74 24 102.0 NONE
0 75 45 87.0 NONE
0 76 37 27.0 NONE
0 77 5 148.0 NONE
0 78 8 163.0 NONE
0 79 81 56.0 NONE
1 0 53 79.0 NONE
1 1 54 100.0 NONE
1 2 90 83.0 NONE
1 3 16 2.0 NONE
1 4 21 103.0 NONE
1 5 92 160.0 NONE
1 6 73 197.0 NONE
1 7 51 1.0 NONE
1 8 10 142.0 NONE
1 9 97 11.0 NONE
1 10 82 73.0 NONE
1 11 84 4.0 NONE
1 12 95 142.0 NONE
1 13 45 165.0 NONE
1 14 31 66.0 NONE
1 15 31 171.0 NONE
1 16 55 7.0 NONE
1 17 64 187.0 NONE
1 18 17 51.0 NONE
1 19 24 111.0 NONE
1 20 49 125.0 NONE
1 21 72 80.0 NONE
1 22 93 170.0 NONE
1 23 78 183.0 NONE
1 24 64 102.0 NONE
1 25 54 129.0 NONE
1 26 8 59.0 NONE
1 27 48 125.0 NONE
1 28 98 107.0 NONE
1 29 60 174.0 NONE
1 30 23 76.0 NONE
1 31 11 73.0 NONE
1 32 33 82.0 NONE
1 33 14 115.0 NONE
1 34 24 110.0 NONE
1 35 40 119.0 NONE
1 36 16 103.0 NONE
1 37 73 114.0 NONE
1 38 15 184.0 NONE
1 39 57 180.0 NONE
1 40 47 47.0 NONE
1 41 74 199.0 NONE
1 42 41 134.0 NONE
1 43 80 32.0 NONE
1 44 27 159.0 NONE
1 45 69 38.0 NONE
1 46 83 82.0 NONE
1 47 3 174.0 NONE
1 48 47 173.0 NONE
1 49 23 84.0 NONE
1 50 33 71.0 NONE
1 51 82 69.0 NONE
1 52 96 73.0 NONE
1 53 20 157.0 NONE
1 54 21 96.0 NONE
1 55 93 147.0 NONE
1 56 17 58.0 NONE
1 57 21 177.0 NONE
1 58 67 196.0 NONE
1 59 11 200.0 NONE
1 60 73 92.0 NONE
1 61 56 189.0 NONE
1 62 78 127.0 NONE
1 63 19 56.0 NONE
1 64 54 93.0 NONE
1 65 48 123.0 NONE
1 66 18 197.0 NONE
1 67 25 71.0 NONE
1 68 60 71.0 NONE
1 69 98 114.0 NONE
1 70 2 81.0 NONE
1 71 76 16.0 NONE
1 72 66 137.0 NONE
1 73 79 118.0 NONE
1 74 7 85.0 NONE
1 75 83 9.0 NONE
1 76 5 4.0 NONE
1 77 29 170.0 NONE
1 78 5 191.0 NONE
1 79 96 152.0 NONE
2 0 57 17.0 NONE
2 1 20 100.0 NONE
2 2 53 48.0 NONE
2 3 86 41.0 NONE
2 4 26 11.0 NONE
2 5 59 167.0 NONE
2 6 89 132.0 NONE
2 7 45 100.0 NONE
2 8 34 144.0 SEA
2 9 48 117.0 NONE
2 10 32 153.0 NONE
2 11 87 7.0 NONE
2 12 75 104.0 NONE
2 13 4 32.0 NONE
2 14 89 25.0 NONE
2 15 17 67.0 NONE
2 16 98 141.0 NONE
2 17 17 176.0 NONE
2 18 83 178.0 SEA
2 19 24 87.0 NONE
2 20 13 10.0 NONE
2 21 83 93.0 NONE
2 22 98 30.0 NONE
2 23 72 138.0 NONE
2 24 60 192.0 NONE
2 25 75 77.0 NONE
2 26 90 92.0 NONE
2 27 32 23.0 NONE
2 28 42 165.0 NONE
2 29 14 173.0 NONE
2 30 89 36.0 NONE
2 31 72 150.0 NONE
2 32 52 2.0 NONE
2 33 44 110.0 NONE
2 34 23 80.0 NONE
2 35 74 148.0 NONE
2 36 34 170.0 NONE
2 37 38 34.0 NONE
2 38 19 141.0 NONE
2 39 75 199.0 NONE
2 40 45 83.0 NONE
2 41 4 150.0 NONE
2 42 66 199.0 NONE
2 43 43 125.0 NONE
2 44 24 21.0 NONE
2 45 40 33.0 NONE
2 46 47 18.0 NONE
2 47 18 124.0 NONE
2 48 70 42.0 NONE
2 49 53 16.0 NONE
2 50 81 185.0 NONE
2 51 100 77.0 NONE
2 52 4 198.0 NONE
2 53 83 116.0 NONE
2 54 15 83.0 NONE
2 55 54 26.0 NONE
2 56 51 0.0 NONE
2 57 57 14.0 NONE
2 58 75 97.0 NONE
2 59 70 36.0 NONE
2 60 71 125.0 NONE
2 61 68 37.0 NONE
2 62 54 141.0 NONE
2 63 87 156.0 NONE
2 64 30 20.0 NONE
2 65 82 165.0 NONE
2 66 2 105.0 NONE
2 67 76 182.0 NONE
2 68 83 93.0 NONE
2 69 82 112.0 NONE
2 70 50 34.0 NONE
2 71 52 41.0 NONE
2 72 16 48.0 NONE
2 73 27 1.0 NONE
2 74 64 112.0 NONE
2 75 36 196.0 NONE
2 76 68 151.0 NONE
2 77 80 190.0 NONE
2 78 36 177.0 NONE
2 79 3 183.0 NONE
3 0 18 81.0 NONE
3 1 17 48.0 NONE
3 2 46 131.0 NONE
3 3 92 10.0 NONE
3 4 36 66.0 NONE
3 5 55 165.0 NONE
3 6 43 85.0 NONE
3 7 41 192.0 NONE
3 8 2 41.0 NONE
3 9 16 83.0 NONE
3 10 51 89.0 NONE
3 11 4 68.0 NONE
3 12 57 43.0 NONE
3 13 51 114.0 NONE
3 14 76 191.0 NONE
3 15 42 88.0 NONE
3 16 38 70.0 NONE
3 17 88 74.0 NONE
3 18 77 182.0 NONE
3 19 82 185.0 NONE
3 20 23 120.0 NONE
3 21 47 156.0 NONE
3 22 48 56.0 NONE
3 23 36 50.0 NONE
3 24 65 144.0 NONE
3 25 81 96.0 NONE
3 26 82 65.0 NONE
3 27 72 109.0 NONE
3 28 92 121.0 NONE
3 29 94 151.0 NONE
3 30 48 72.0 NONE
3 31 91 120.0 NONE
3 32 43 96.0 NONE
3 33 71 129.0 NONE
3 34 95 194.0 NONE
3 35 82 95.0 NONE
3 36 10 80.0 NONE
3 37 24 120.0 NONE
3 38 56 151.0 NONE
3 39 28 162.0 NONE
3 40 40 164.0 NONE
3 41 10 29.0 NONE
3 42 18 191.0 NONE
3 43 81 174.0 NONE
3 44 12 32.0 NONE
3 45 8 97.0 NONE
3 46 91 115.0 NONE
3 47 58 173.0 NONE
3 48 88 147.0 NONE
3 49 43 184.0 NONE
3 50 76 173.0 NONE
3 51 7 30.0 NONE
3 52 9 68.0 NONE
3 53 93 112.0 NONE
3 54 23 66.0 NONE
3 55 46 50.0 NONE
3 56 75 86.0 NONE
3 57 30 147.0 NONE
3 58 45 102.0 NONE
3 59 71 181.0 NONE
3 60 42 154.0 NONE
3 61 71 199.0 NONE
3 62 96 58.0 NONE
3 63 93 108.0 NONE
3 64 17 155.0 NONE
3 65 36 146.0 NONE
3 66 46 91.0 NONE
3 67 60 165.0 NONE
3 68 38 27.0 NONE
3 69 48 134.0 NONE
3 70 27 150.0 NONE
3 71 48 58.0 NONE
3 72 62 70.0 NONE
3 73 26 175.0 NONE
3 74 6 140.0 NONE
3 75 39 25.0 NONE
3 76 17 45.0 NONE
3 77 37 0.0 NONE
3 78 20 163.0 NONE
3 79 36 128.0 NONE
4 0 68 115.0 NONE
4 1 28 166.0 NONE
4 2 84 26.0 NONE
4 3 58 3.0 NONE
4 4 11 109.0 NONE
4 5 43 92.0 NONE
4 6 45 14.0 NONE
4 7 25 53.0 NONE
4 8 14 84.0 NONE
4 9 100 131.0 NONE
4 10 66 23.0 NONE
4 11 38 136.0 NONE
4 12 34 151.0 NONE
4 13 82 29.0 NONE
4 14 33 154.0 NONE
4 15 92 3.0 NONE
4 16 0 41.0 NONE
4 17 63 195.0 NONE
4 18 33 167.0 NONE
4 19 89 56.0 NONE
4 20 54 90.0 NONE
4 21 86 22.0 NONE
4 22 52 188.0 NONE
4 23 43 177.0 NONE
4 24 58 196.0 NONE
4 25 44 200.0 NONE
4 26 91 167.0 NONE
4 27 88 94.0 NONE
4 28 28 152.0 NONE
4 29 49 145.0 NONE
4 30 80 194.0 NONE
4 31 27 144.0 NONE
4 32 60 193.0 NONE
4 33 82 189.0 NONE
4 34 60 52.0 NONE
4 35 94 186.0 NONE
4 36 37 57.0 NONE
4 37 56 156.0 NONE
4 38 59 29.0 NONE
4 39 3 40.0 NONE
4 40 50 119.0 NONE
4 41 43 72.0 NONE
4 42 60 60.0 NONE
4 43 24 88.0 NONE
4 44 73 172.0 NONE
4 45 44 132.0 NONE
4 46 69 125.0 NONE
4 47 99 124.0 NONE
4 48 54 131.0 NONE
4 49 97 165.0 NONE
4 50 20 71.0 NONE
4 51 69 190.0 NONE
4 52 39 131.0 NONE
4 53 58 39.0 NONE
4 54 58 83.0 NONE
4 55 26 176.0 NONE
4 56 24 193.0 NONE
4 57 4 118.0 NONE
4 58 3 80.0 NONE
4 59 64 32.0 NONE
4 60 1 24.0 NONE
4 61 36 137.0 NONE
4 62 97 150.0 NONE
4 63 96 60.0 NONE
4 64 60 36.0 NONE
4 65 72 107.0 NONE
4 66 55 9.0 NONE
4 67 99 36.0 NONE
4 68 40 46.0 NONE
4 69 86 99.0 NONE
4 70 3 93.0 NONE
4 71 68 138.0 NONE
4 72 61 31.0 NONE
4 73 6 23.0 NONE
4 74 58 166.0 NONE
4 75 96 123.0 NONE
4 76 65 119.0 NONE
4 77 93 172.0 NONE
4 78 80 164.0 NONE
4 79 20 32.0 NONE
5 0 58 76.0 NONE
5 1 44 121.0 NONE
5 2 19 42.0 SEA
5 3 8 153.0 NONE
5 4 28 175.0 NONE
5 5 19 62.0 NONE
5 6 19 55.0 NONE
5 7 50 49.0 NONE
5 8 79 6.0 NONE
5 9 78 65.0 NONE
5 10 56 144.0 NONE
5 11 0 55.0 NONE
5 12 0 13.0 NONE
5 13 38 47.0 NONE
5 14 28 142.0 NONE
5 15 83 155.0 NONE
5 16 87 16.0 NONE
5 17 58 40.0 NONE
5 18 22 183.0 NONE
5 19 44 166.0 NONE
5 20 42 11.0 NONE
5 21 49 24.0 NONE
5 22 21 129.0 NONE
5 23 27 3.0 NONE
5 24 56 195.0 NONE
5 25 97 47.0 NONE
5 26 29 91.0 NONE
5 27 94 79.0 NONE
5 28 38 14.0 NONE
5 29 39 173.0 NONE
5 30 30 170.0 NONE
5 31 27 112.0 NONE
5 32 24 87.0 NONE
5 33 34 80.0 NONE
5 34 5 183.0 NONE
5 35 82 82.0 NONE
5 36 31 88.0 NONE
5 37 19 167.0 NONE
5 38 77 198.0 NONE
5 39 68 111.0 NONE
5 40 76 161.0 NONE
5 41 21 77.0 NONE
5 42 51 163.0 NONE
5 43 92 117.0 NONE
5 44 19 33.0 NONE
5 45 8 196.0 NONE
5 46 74 131.0 NONE
5 47 78 120.0 NONE
5 48 100 100.0 NONE
5 49 57 149.0 NONE
5 50 36 70.0 NONE
5 51 53 129.0 NONE
5 52 45 168.0 NONE
5 53 96 129.0 NONE
5 54 80 77.0 NONE
5 55 73 3.0 NONE
5 56 91 4.0 NONE
5 57 42 197.0 NONE
5 58 90 63.0 NONE
5 59 6 125.0 NONE
5 60 53 85.0 NONE
5 61 42 98.0 NONE
5 62 84 34.0 NONE
5 63 15 159.0 NONE
5 64 17 11.0 NONE
5 65 90 197.0 NONE
5 66 31 151.0 NONE
5 67 1 40.0 NONE
5 68 45 60.0 NONE
5 69 68 18.0 NONE
5 70 53 170.0 NONE
5 71 4 177.0 NONE
5 72 24 40.0 NONE
5 73 54 69.0 NONE
5 74 98 162.0 NONE
5 75 61 100.0 NONE
5 76 91 43.0 NONE
5 77 77 133.0 NONE
5 78 92 5.0 NONE
5 79 77 44.0 NONE
6 0 18 137.0 NONE
6 1 12 26.0 NONE
6 2 5 54.0 NONE
6 3 67 195.0 NONE
6 4 46 102.0 NONE
6 5 66 86.0 NONE
6 6 81 180.0 NONE
6 7 52 198.0 NONE
6 8 82 151.0 NONE
6 9 65 99.0 NONE
6 10 19 71.0 NONE
6 11 32 148.0 NONE
6 12 23 41.0 NONE
6 13 72 27.0 NONE
6 14 23 116.0 NONE
6 15 76 151.0 NONE
6 16 63 18.0 NONE
6 17 90 144.0 NONE
6 18 43 31.0 NONE
6 19 83 1.0 NONE
6 20 73 85.0 NONE
6 21 5 42.0 NONE
6 22 62 67.0 NONE
6 23 17 147.0 NONE
6 24 1 166.0 NONE
6 25 16 22.0 SEA
6 26 26 64.0 NONE
6 27 22 190.0 NONE
6 28 9 126.0 NONE
6 29 18 17.0 NONE
6 30 17 67.0 NONE
6 31 56 192.0 NONE
6 32 32 134.0 NONE
6 33 55 69.0 NONE
6 34 95 94.0 NONE
6 35 13 136.0 NONE
6 36 55 38.0 NONE
6 37 61 24.0 NONE
6 38 85 60.0 NONE
6 39 26 122.0 NONE
6 40 20 109.0 NONE
6 41 41 132.0 NONE
6 42 80 147.0 NONE
6 43 44 130.0 NONE
6 44 26 160.0 NONE
6 45 73 144.0 NONE
6 46 63 128.0 NONE
6 47 59 37.0 NONE
6 48 68 74.0 NONE
6 49 33 91.0 NONE
6 50 99 21.0 NONE
6 51 5 30.0 NONE
6 52 35 45.0 NONE
6 53 62 13.0 NONE
6 54 34 110.0 NONE
6 55 65 184.0 NONE
6 56 69 83.0 NONE
6 57 36 160.0 NONE
6 58 10 179.0 NONE
6 59 49 60.0 NONE
6 60 42 172.0 NONE
6 61 16 199.0 NONE
6 62 73 111.0 NONE
6 63 29 191.0 NONE
6 64 21 142.0 NONE
6 65 72 67.0 NONE
6 66 31 198.0 NONE
6 67 69 6.0 NONE
6 68 9 131.0 NONE
6 69 10 107.0 NONE
6 70 18 3.0 NONE
6 71 42 161.0 NONE
6 72 91 13.0 NONE
6 73 69 9.0 NONE
6 74 31 46.0 NONE
6 75 58 128.0 NONE
6 76 20 164.0 NONE
6 77 35 114.0 NONE
6 78 66 16.0 NONE
6 79 36 116.0 NONE
7 0 38 30.0 NONE
7 1 10 88.0 NONE
7 2 78 114.0 NONE
7 3 83 65.0 NONE
7 4 91 186.0 NONE
7 5 28 32.0 NONE
7 6 24 120.0 NONE
7 7 73 95.0 NONE
7 8 88 36.0 NONE
7 9 98 131.0 NONE
7 10 73 78.0 NONE
7 11 39 49.0 NONE
7 12 44 159.0 NONE
7 13 31 4.0 NONE
7 14 90 105.0 NONE
7 15 21 8.0 NONE
7 16 67 131.0 NONE
7 17 69 177.0 NONE
7 18 29 110.0 NONE
7 19 25 123.0 NONE
7 20 92 143.0 NONE
7 21 32 118.0 NONE
7 22 94 41.0 NONE
7 23 94 140.0 NONE
7 24 86 141.0 NONE
7 25 33 159.0 NONE
7 26 42 125.0 NONE
7 27 95 62.0 NONE
7 28 64 106.0 NONE
7 29 54 64.0 NONE
7 30 58 40.0 NONE
7 31 73 17.0 NONE
7 32 88 101.0 NONE
7 33 63 48.0 NONE
7 34 4 175.0 NONE
7 35 27 97.0 NONE
7 36 47 5.0 NONE
7 37 20 110.0 NONE
7 38 29 6.0 NONE
7 39 96 115.0 NONE
7 40 35 57.0 NONE
7 41 5 189.0 NONE
7 42 8 76.0 NONE
7 43 80 147.0 NONE
7 44 78 32.0 NONE
7 45 61 109.0 NONE
7 46 19 70.0 NONE
7 47 27 129.0 NONE
7 48 72 78.0 NONE
7 49 42 110.0 NONE
7 50 99 189.0 NONE
7 51 55 46.0 NONE
7 52 41 124.0 NONE
7 53 2 40.0 NONE
7 54 23 27.0 NONE
7 55 90 99.0 NONE
7 56 21 195.0 NONE
7 57 73 109.0 NONE
7 58 11 30.0 NONE
7 59 47 86.0 NONE
7 60 26 45.0 NONE
7 61 99 169.0 NONE
7 62 46 58.0 NONE
7 63 89 83.0 NONE
7 64 60 145.0 NONE
7 65 54 125.0 NONE
7 66 56 26.0 NONE
7 67 13 153.0 NONE
7 68 80 128.0 NONE
7 69 41 146.0 NONE
7 70 7 42.0 NONE
7 71 88 86.0 NONE
7 72 19 40.0 NONE
7 73 47 180.0 NONE
7 74 97 117.0 NONE
7 75 13 174.0 NONE
7 76 24 188.0 NONE
7 77 12 129.0 NONE
7 78 51 168.0 NONE
7 79 82 147.0 NONE
8 0 73 45.0 NONE
8 1 35 110.0 NONE
8 2 66 92.0 NONE
8 3 78 164.0 NONE
8 4 73 97.0 NONE
8 5 22 37.0 NONE
8 6 36 126.0 SEA
8 7 19 77.0 NONE
8 8 53 184.0 NONE
8 9 44 65.0 NONE
8 10 78 171.0 NONE
8 11 50 181.0 NONE
8 12 5 135.0 NONE
8 13 79 28.0 NONE
8 14 30 1.0 NONE
8 15 24 147.0 NONE
8 16 40 147.0 NONE
8 17 27 96.0 NONE
8 18 85 128.0 NONE
8 19 48 76.0 NONE
8 20 48 193.0 NONE
8 21 51 113.0 NONE
8 22 88 150.0 NONE
8 23 65 38.0 NONE
8 24 96 25.0 NONE
8 25 64 114.0 NONE
8 26 18 51.0 NONE
8 27 3 162.0 NONE
8 28 2 153.0 NONE
8 29 64 194.0 NONE
8 30 27 175.0 NONE
8 31 24 137.0 NONE
8 32 59 59.0 NONE
8 33 13 133.0 NONE
8 34 85 51.0 NONE
8 35 27 71.0 NONE
8 36 91 135.0 NONE
8 37 77 33.0 NONE
8 38 93 88.0 NONE
8 39 17 92.0 NONE
8 40 88 101.0 NONE
8 41 88 90.0 NONE
8 42 42 9.0 NONE
8 43 38 124.0 NONE
8 44 44 99.0 NONE
8 45 7 47.0 NONE
8 46 23 161.0 NONE
8 47 7 122.0 NONE
8 48 73 97.0 NONE
8 49 82 144.0 NONE
8 50 27 57.0 NONE
8 51 30 106.0 NONE
8 52 5 128.0 NONE
8 53 32 34.0 NONE
8 54 91 178.0 NONE
8 55 71 173.0 NONE
8 56 82 82.0 NONE
8 57 12 154.0 NONE
8 58 71 116.0 NONE
8 59 1 134.0 NONE
8 60 83 70.0 NONE
8 61 30 132.0 NONE
8 62 57 167.0 NONE
8 63 63 39.0 NONE
8 64 84 196.0 NONE
8 65 22 33.0 NONE
8 66 57 160.0 NONE
8 67 12 147.0 NONE
8 68 5 42.0 NONE
8 69 9 97.0 NONE
8 70 2 131.0 NONE
8 71 29 124.0 NONE
8 72 7 10.0 NONE
8 73 95 90.0 NONE
8 74 79 131.0 NONE
8 75 17 81.0 NONE
8 76 44 112.0 NONE
8 77 69 21.0 NONE
8 78 63 69.0 NONE
8 79 19 173.0 NONE
9 0 77 76.0 NONE
9 1 30 39.0 NONE
9 2 27 192.0 NONE
9 3 22 61.0 NONE
9 4 23 37.0 NONE
9 5 52 168.0 NONE
9 6 42 187.0 NONE
9 7 45 44.0 NONE
9 8 73 187.0 NONE
9 9 33 193.0 NONE
9 10 83 21.0 NONE
9 11 7 90.0 NONE
9 12 2 170.0 NONE
9 13 31 50.0 NONE
9 14 37 0.0 NONE
9 15 42 40.0 NONE
9 16 83 59.0 NONE
9 17 58 141.0 NONE
9 18 44 50.0 NONE
9 19 87 146.0 NONE
9 20 50 40.0 NONE
9 21 80 23.0 NONE
9 22 36 27.0 NONE
9 23 78 93.0 NONE
9 24 77 121.0 NONE
9 25 70 193.0 NONE
9 26 50 137.0 NONE
9 27 29 180.0 NONE
9 28 83 88.0 NONE
9 29 83 116.0 NONE
9 30 29 177.0 NONE
9 31 58 105.0 NONE
9 32 59 133.0 NONE
9 33 68 116.0 NONE
9 34 44 190.0 NONE
9 35 11 122.0 NONE
9 36 100 76.0 NONE
9 37 31 188.0 NONE
9 38 88 128.0 NONE
9 39 84 136.0 NONE
9 40 59 108.0 NONE
9 41 14 39.0 NONE
9 42 32 27.0 NONE
9 43 44 182.0 NONE
9 44 83 63.0 NONE
9 45 53 117.0 NONE
9 46 61 192.0 NONE
9 47 5 157.0 NONE
9 48 93 64.0 NONE
9 49 30 44.0 NONE
9 50 86 176.0 NONE
9 51 14 167.0 NONE
9 52 94 43.0 NONE
9 53 35 108.0 NONE
9 54 44 177.0 NONE
9 55 27 45.0 NONE
9 56 63 78.0 NONE
9 57 100 129.0 NONE
9 58 27 117.0 NONE
9 59 13 95.0 NONE
9 60 28 151.0 NONE
9 61 71 47.0 NONE
9 62 61 139.0 NONE
9 63 7 139.0 NONE
9 64 35 168.0 NONE
9 65 35 61.0 NONE
9 66 74 73.0 NONE
9 67 78 7.0 NONE
9 68 79 140.0 NONE
9 69 7 164.0 NONE
9 70 10 124.0 NONE
9 71 12 48.0 NONE
9 72 38 83.0 NONE
9 73 57 192.0 NONE
9 74 61 26.0 NONE
9 75 13 101.0 NONE
9 76 44 15.0 NONE
9 77 19 141.0 NONE
9 78 37 2.0 NONE
9 79 67 15.0 NONE
10 0 59 117.0 NONE
10 1 30 169.0 NONE
10 2 10 95.0 NONE
10 3 33 47.0 NONE
10 4 59 144.0 NONE
10 5 72 140.0 NONE
10 6 70 95.0 NONE
10 7 51 128.0 NONE
10 8 51 35.0 NONE
10 9 17 15.0 NONE
10 10 100 138.0 NONE
10 11 79 27.0 NONE
10 12 57 128.0 NONE
10 13 22 63.0 NONE
10 14 67 90.0 NONE
10 15 99 98.0 NONE
10 16 38 13.0 NONE
10 17 88 89.0 NONE
10 18 62 103.0 NONE
10 19 60 161.0 NONE
10 20 64 139.0 NONE
10 21 4 143.0 NONE
10 22 44 151.0 NONE
10 23 44 74.0 NONE
10 24 35 101.0 NONE
10 25 42 28.0 NONE
10 26 87 24.0 NONE
10 27 69 55.0 NONE
10 28 20 28.0 NONE
10 29 52 155.0 SEA
10 30 9 116.0 NONE
10 31 69 27.0 NONE
10 32 58 97.0 NONE
10 33 94 165.0 NONE
10 34 59 149.0 NONE
10 35 20 131.0 NONE
10 36 34 92.0 NONE
10 37 5 170.0 NONE
10 38 68 92.0 NONE
10 39 96 178.0 NONE
10 40 58 139.0 NONE
10 41 69 131.0 NONE
10 42 97 116.0 NONE
10 43 64 86.0 NONE
10 44 66 19.0 NONE
10 45 59 126.0 NONE
10 46 49 133.0 NONE
10 47 79 186.0 NONE
10 48 41 115.0 NONE
10 49 60 125.0 NONE
10 50 19 71.0 NONE
10 51 16 130.0 NONE
10 52 35 83.0 NONE
10 53 94 130.0 NONE
10 54 94 120.0 NONE
10 55 49 186.0 NONE
10 56 14 188.0 NONE
10 57 96 178.0 NONE
10 58 24 23.0 NONE
10 59 78 151.0 NONE
10 60 76 123.0 NONE
10 61 37 196.0 NONE
10 62 64 121.0 NONE
10 63 55 182.0 NONE
10 64 10 136.0 NONE
10 65 68 82.0 NONE
10 66 94 144.0 NONE
10 67 63 62.0 NONE
10 68 95 178.0 NONE
10 69 29 104.0 NONE
10 70 19 150.0 NONE
10 71 48 96.0 NONE
10 72 48 11.0 NONE
10 73 78 106.0 NONE
10 74 97 107.0 NONE
10 75 6 72.0 NONE
10 76 89 86.0 NONE
10 77 1 91.0 NONE
10 78 11 15.0 NONE
10 79 77 168.0 NONE
11 0 67 14.0 NONE
11 1 30 190.0 NONE
11 2 39 170.0 NONE
11 3 99 146.0 NONE
11 4 66 160.0 NONE
11 5 60 72.0 NONE
11 6 43 161.0 NONE
11 7 21 11.0 NONE
11 8 96 83.0 NONE
11 9 55 115.0 NONE
11 10 0 100.0 NONE
11 11 89 176.0 NONE
11 12 20 23.0 NONE
11 13 97 86.0 NONE
11 14 50 194.0 NONE
11 15 28 19.0 NONE
11 16 98 103.0 NONE
11 17 79 152.0 NONE
11 18 15 32.0 NONE
11 19 15 156.0 NONE
11 20 15 109.0 NONE
11 21 89 75.0 NONE
11 22 43 12.0 NONE
11 23 99 33.0 NONE
11 24 53 29.0 NONE
11 25 8 98.0 NONE
11 26 49 180.0 NONE
11 27 6 56.0 NONE
11 28 16 131.0 NONE
11 29 33 93.0 NONE
11 30 78 11.0 NONE
11 31 67 154.0 NONE
11 32 8 25.0 NONE
11 33 85 175.0 NONE
11 34 10 83.0 NONE
11 35 10 106.0 NONE
11 36 35 21.0 NONE
11 37 71 37.0 NONE
11 38 79 97.0 NONE
11 39 41 17.0 NONE
11 40 72 120.0 NONE
11 41 33 125.0 NONE
11 42 64 90.0 NONE
11 43 96 181.0 NONE
11 44 25 31.0 NONE
11 45 44 12.0 NONE
11 46 97 178.0 NONE
11 47 26 12.0 NONE
11 48 77 82.0 NONE
11 49 92 173.0 NONE
11 50 82 195.0 NONE
11 51 72 187.0 NONE
11 52 84 96.0 NONE
11 53 39 29.0 NONE
11 54 19 55.0 NONE
11 55 8 168.0 NONE
11 56 80 6.0 NONE
11 57 39 172.0 NONE
11 58 86 107.0 NONE
11 59 93 160.0 NONE
11 60 4 178.0 NONE
11 61 69 120.0 NONE
11 62 7 2.0 NONE
11 63 36 178.0 NONE
11 64 39 122.0 NONE
11 65 87 27.0 NONE
11 66 36 58.0 NONE
11 67 77 156.0 NONE
11 68 45 58.0 NONE
11 69 41 194.0 NONE
11 70 100 131.0 NONE
11 71 42 92.0 NONE
11 72 23 112.0 NONE
11 73 84 100.0 NONE
11 74 8 66.0 NONE
11 75 2 55.0 NONE
11 76 39 111.0 NONE
11 77 60 113.0 NONE
11 78 24 64.0 NONE
11 79 76 152.0 NONE
12 0 95 54.0 NONE
12 1 84 87.0 NONE
12 2 19 123.0 NONE
12 3 29 168.0 NONE
12 4 20 135.0 NONE
12 5 17 106.0 NONE
12 6 97 180.0 NONE
12 7 77 92.0 NONE
12 8 35 74.0 NONE
12 9 19 87.0 NONE
12 10 39 34.0 NONE
12 11 90 141.0 NONE
12 12 98 155.0 NONE
12 13 18 2.0 NONE
12 14 14 160.0 NONE
12 15 47 180.0 NONE
12 16 36 16.0 NONE
12 17 41 131.0 NONE
12 18 46 197.0 NONE
12 19 8 70.0 NONE
12 20 38 87.0 NONE
12 21 95 197.0 NONE
12 22 35 128.0 NONE
12 23 78 124.0 NONE
12 24 32 31.0 NONE
12 25 70 109.0 NONE
12 26 83 23.0 NONE
12 27 94 117.0 NONE
12 28 3 174.0 NONE
12 29 51 53.0 NONE
12 30 64 76.0 NONE
12 31 69 125.0 NONE
12 32 7 183.0 NONE
12 33 3 165.0 NONE
12 34 42 95.0 NONE
12 35 53 131.0 NONE
12 36 93 83.0 NONE
12 37 4 19.0 NONE
12 38 13 83.0 NONE
12 39 2 188.0 NONE
12 40 33 165.0 NONE
12 41 38 71.0 NONE
12 42 55 171.0 NONE
12 43 79 170.0 NONE
12 44 37 174.0 NONE
12 45 52 186.0 NONE
12 46 75 29.0 NONE
12 47 7 189.0 NONE
12 48 87 39.0 NONE
12 49 60 86.0 NONE
12 50 16 130.0 NONE
12 51 66 33.0 NONE
12 52 8 28.0 NONE
12 53 33 166.0 NONE
12 54 61 92.0 NONE
12 55 86 186.0 NONE
12 56 1 88.0 NONE
12 57 27 187.0 NONE
12 58 10 156.0 NONE
12 59 95 86.0 NONE
12 60 65 154.0 NONE
12 61 16 9.0 NONE
12 62 71 146.0 NONE
12 63 21 94.0 NONE
12 64 92 88.0 NONE
12 65 39 183.0 NONE
12 66 64 64.0 NONE
12 67 43 106.0 NONE
12 68 27 143.0 NONE
12 69 90 39.0 NONE
12 70 13 147.0 NONE
12 71 53 12.0 NONE
12 72 16 89.0 NONE
12 73 95 8.0 NONE
12 74 9 70.0 NONE
12 75 71 14.0 NONE
12 76 84 11.0 NONE
12 77 68 121.0 NONE
12 78 50 3.0 NONE
12 79 35 100.0 NONE
13 0 12 22.0 NONE
13 1 24 93.0 NONE
13 2 81 100.0 NONE
13 3 29 19.0 NONE
13 4 21 188.0 NONE
13 5 2 66.0 NONE
13 6 15 49.0 NONE
13 7 54 112.0 NONE
13 8 66 16.0 NONE
13 9 30 110.0 NONE
13 10 0 141.0 NONE
13 11 38 72.0 NONE
13 12 99 91.0 NONE
13 13 18 49.0 NONE
13 14 41 2.0 NONE
13 15 40 84.0 NONE
13 16 65 133.0 NONE
13 17 87 8.0 NONE
13 18 17 133.0 NONE
13 19 99 110.0 NONE
13 20 31 145.0 NONE
13 21 40 170.0 NONE
13 22 56 113.0 NONE
13 23 28 75.0 NONE
13 24 69 21.0 NONE
13 25 56 16.0 NONE
13 26 28 104.0 NONE
13 27 66 16.0 NONE
13 28 26 191.0 NONE
13 29 54 40.0 NONE
13 30 0 10.0 NONE
13 31 18 61.0 NONE
13 32 78 180.0 NONE
13 33 57 131.0 NONE
13 34 48 43.0 NONE
13 35 59 178.0 NONE
13 36 28 141.0 NONE
13 37 57 89.0 NONE
13 38 12 129.0 NONE
13 39 87 85.0 NONE
13 40 13 148.0 NONE
13 41 56 183.0 NONE
13 42 70 20.0 NONE
13 43 34 149.0 NONE
13 44 16 14.0 NONE
13 45 41 112.0 NONE
13 46 26 42.0 NONE
13 47 91 159.0 NONE
13 48 95 103.0 NONE
13 49 10 179.0 NONE
13 50 69 42.0 NONE
13 51 85 118.0 NONE
13 52 4 28.0 NONE
13 53 65 139.0 NONE
13 54 38 170.0 NONE
13 55 27 22.0 NONE
13 56 32 176.0 NONE
13 57 27 28.0 NONE
13 58 96 152.0 NONE
13 59 21 80.0 NONE
13 60 3 67.0 NONE
13 61 60 138.0 NONE
13 62 99 193.0 NONE
13 63 90 47.0 NONE
13 64 10 189.0 NONE
13 65 83 142.0 NONE
13 66 19 71.0 NONE
13 67 67 10.0 NONE
13 68 82 9.0 NONE
13 69 26 38.0 NONE
13 70 60 49.0 NONE
13 71 69 10.0 NONE
13 72 95 104.0 NONE
13 73 55 14.0 NONE
13 74 53 80.0 NONE
13 75 29 142.0 NONE
13 76 85 20.0 NONE
13 77 61 194.0 NONE
13 78 49 23.0 NONE
13 79 60 5.0 NONE
14 0 22 88.0 NONE
14 1 11 85.0 NONE
14 2 31 44.0 NONE
14 3 98 53.0 NONE
14 4 55 117.0 NONE
14 5 78 170.0 NONE
14 6 7 30.0 NONE
14 7 13 17.0 NONE
14 8 23 96.0 NONE
14 9 16 175.0 NONE
14 10 75 78.0 NONE
14 11 16 48.0 NONE
14 12 15 101.0 NONE
14 13 54 154.0 NONE
14 14 47 190.0 NONE
14 15 84 50.0 NONE
14 16 16 73.0 NONE
14 17 96 7.0 NONE
14 18 100 149.0 NONE
14 19 75 153.0 NONE
14 20 50 144.0 NONE
14 21 76 105.0 NONE
14 22 72 188.0 NONE
14 23 33 104.0 NONE
14 24 42 67.0 NONE
14 25 9 101.0 NONE
14 26 18 132.0 NONE
14 27 77 7.0 NONE
14 28 41 156.0 NONE
14 29 10 126.0 NONE
14 30 20 135.0 NONE
14 31 26 111.0 NONE
14 32 72 162.0 NONE
14 33 93 147.0 NONE
14 34 83 190.0 NONE
14 35 31 161.0 NONE
14 36 16 12.0 NONE
14 37 67 167.0 NONE
14 38 77 14.0 NONE
14 39 81 122.0 NONE
14 40 45 127.0 NONE
14 41 0 166.0 NONE
14 42 21 12.0 NONE
14 43 20 83.0 NONE
14 44 42 145.0 NONE
14 45 99 154.0 NONE
14 46 94 16.0 NONE
14 47 10 52.0 NONE
14 48 94 78.0 NONE
14 49 24 136.0 NONE
14 50 19 183.0 NONE
14 51 88 160.0 NONE
14 52 35 8.0 NONE
14 53 83 52.0 NONE
14 54 89 76.0 NONE
14 55 25 69.0 NONE
14 56 87 66.0 NONE
14 57 6 9.0 NONE
14 58 89 196.0 NONE
14 59 1 10.0 NONE
14 60 11 100.0 NONE
14 61 43 154.0 NONE
14 62 55 89.0 NONE
14 63 19 149.0 NONE
14 64 68 67.0 NONE
14 65 25 4.0 NONE
14 66 82 7.0 NONE
14 67 39 198.0 NONE
14 68 61 59.0 NONE
14 69 60 97.0 NONE
14 70 41 129.0 NONE
14 71 16 79.0 NONE
14 72 7 101.0 NONE
14 73 91 69.0 NONE
14 74 0 35.0 NONE
14 75 54 51.0 NONE
14 76 57 124.0 NONE
14 77 7 111.0 NONE
14 78 47 146.0 NONE
14 79 13 11.0 NONE
15 0 47 161.0 NONE
15 1 99 38.0 NONE
15 2 44 95.0 NONE
15 3 54 81.0 NONE
15 4 85 58.0 NONE
15 5 90 196.0 NONE
15 6 90 70.0 NONE
15 7 69 79.0 NONE
15 8 71 59.0 NONE
15 9 98 156.0 NONE
15 10 50 181.0 NONE
15 11 64 111.0 NONE
15 12 22 44.0 NONE
15 13 1 123.0 NONE
15 14 84 193.0 NONE
15 15 89 159.0 NONE
15 16 53 92.0 NONE
15 17 13 86.0 NONE
15 18 82 183.0 NONE
15 19 5 5.0 NONE
15 20 19 43.0 NONE
15 21 85 171.0 NONE
15 22 92 151.0 NONE
15 23 72 88.0 NONE
15 24 39 21.0 NONE
15 25 97 93.0 NONE
15 26 1 54.0 NONE
15 27 58 101.0 NONE
15 28 42 116.0 NONE
15 29 16 88.0 NONE
15 30 91 191.0 NONE
15 31 41 43.0 NONE
15 32 9 63.0 NONE
15 33 14 112.0 NONE
15 34 93 107.0 NONE
15 35 32 46.0 NONE
15 36 13 22.0 SEA
15 37 79 186.0 NONE
15 38 8 36.0 NONE
15 39 31 161.0 NONE
15 40 64 10.0 NONE
15 41 67 189.0 NONE
15 42 74 165.0 NONE
15 43 26 144.0 NONE
15 44 15 173.0 NONE
15 45 81 57.0 NONE
15 46 73 35.0 NONE
15 47 72 125.0 NONE
15 48 100 155.0 NONE
15 49 62 4.0 NONE
15 50 47 46.0 NONE
15 51 8 95.0 NONE
15 52 91 57.0 NONE
15 53 43 22.0 NONE
15 54 35 109.0 NONE
15 55 24 195.0 NONE
15 56 6 135.0 NONE
15 57 95 172.0 NONE
15 58 53 88.0 NONE
15 59 60 46.0 NONE
15 60 5 33.0 NONE
15 61 45 16.0 NONE
15 62 3 187.0 NONE
15 63 8 198.0 NONE
15 64 49 198.0 NONE
15 65 98 25.0 NONE
15 66 55 22.0 NONE
15 67 59 45.0 NONE
15 68 12 184.0 NONE
15 69 36 188.0 NONE
15 70 52 33.0 NONE
15 71 90 173.0 NONE
15 72 81 176.0 NONE
15 73 100 169.0 NONE
15 74 26 79.0 NONE
15 75 21 198.0 NONE
15 76 69 146.0 NONE
15 77 94 140.0 NONE
15 78 40 164.0 NONE
15 79 55 162.0 NONE
16 0 30 84.0 NONE
16 1 36 124.0 NONE
16 2 70 44.0 NONE
16 3 83 29.0 NONE
16 4 64 195.0 NONE
16 5 70 93.0 NONE
16 6 4 160.0 NONE
16 7 41 66.0 NONE
16 8 25 26.0 NONE
16 9 91 139.0 NONE
16 10 40 149.0 NONE
16 11 36 145.0 NONE
16 12 99 103.0 NONE
16 13 69 78.0 NONE
16 14 68 68.0 NONE
16 15 66 47.0 NONE
16 16 95 130.0 NONE
16 17 75 89.0 NONE
16 18 3 106.0 NONE
16 19 11 107.0 NONE
16 20 70 63.0 NONE
16 21 12 62.0 NONE
16 22 10 190.0 NONE
16 23 99 185.0 NONE
16 24 95 183.0 NONE
16 25 40 150.0 NONE
16 26 89 184.0 NONE
16 27 12 197.0 NONE
16 28 8 180.0 NONE
16 29 39 99.0 NONE
16 30 65 173.0 NONE
16 31 42 91.0 NONE
16 32 29 97.0 NONE
16 33 36 153.0 NONE
16 34 83 30.0 NONE
16 35 90 2.0 NONE
16 36 29 23.0 NONE
16 37 0 9.0 NONE
16 38 80 78.0 NONE
16 39 52 174.0 NONE
16 40 81 86.0 NONE
16 41 88 114.0 NONE
16 42 20 120.0 NONE
16 43 81 87.0 NONE
16 44 26 150.0 NONE
16 45 77 87.0 NONE
16 46 93 155.0 NONE
16 47 61 61.0 NONE
16 48 40 54.0 NONE
16 49 31 50.0 NONE
16 50 12 166.0 NONE
16 51 77 87.0 NONE
16 52 82 96.0 NONE
16 53 94 147.0 NONE
16 54 78 193.0 NONE
16 55 50 66.0 NONE
16 56 55 109.0 NONE
16 57 65 163.0 NONE
16 58 72 157.0 NONE
16 59 63 87.0 NONE
16 60 24 128.0 NONE
16 61 67 183.0 NONE
16 62 11 178.0 NONE
16 63 19 27.0 NONE
16 64 59 89.0 NONE
16 65 54 119.0 NONE
16 66 79 138.0 NONE
16 67 82 21.0 NONE
16 68 95 68.0 NONE
16 69 37 166.0 NONE
16 70 98 128.0 NONE
16 71 7 177.0 NONE
16 72 39 0.0 NONE
16 73 51 84.0 NONE
16 74 34 39.0 NONE
16 75 68 166.0 NONE
16 76 67 78.0 NONE
16 77 41 74.0 NONE
16 78 23 30.0 NONE
16 79 9 189.0 NONE
17 0 72 80.0 NONE
17 1 86 62.0 NONE
17 2 69 38.0 NONE
17 3 13 40.0 NONE
17 4 74 118.0 NONE
17 5 65 41.0 NONE
17 6 67 159.0 NONE
17 7 44 59.0 NONE
17 8 100 169.0 NONE
17 9 46 195.0 NONE
17 10 30 169.0 NONE
17 11 1 8.0 NONE
17 12 87 164.0 NONE
17 13 39 144.0 NONE
17 14 38 101.0 NONE
17 15 19 152.0 NONE
17 16 79 105.0 NONE
17 17 45 149.0 NONE
17 18 22 71.0 NONE
17 19 66 89.0 NONE
17 20 3 95.0 NONE
17 21 15 109.0 NONE
17 22 74 152.0 NONE
17 23 47 99.0 NONE
17 24 65 29.0 NONE
17 25 76 80.0 NONE
17 26 29 181.0 NONE
17 27 19 68.0 NONE
17 28 87 150.0 NONE
17 29 85 60.0 NONE
17 30 62 23.0 NONE
17 31 55 47.0 NONE
17 32 75 111.0 NONE
17 33 46 73.0 NONE
17 34 96 59.0 NONE
17 35 18 10.0 NONE
17 36 10 45.0 NONE
17 37 78 182.0 NONE
17 38 22 124.0 NONE
17 39 54 166.0 NONE
17 40 74 188.0 NONE
17 41 15 168.0 NONE
17 42 80 166.0 NONE
17 43 87 85.0 NONE
17 44 62 59.0 NONE
17 45 2 21.0 NONE
17 46 16 149.0 NONE
17 47 91 107.0 NONE
17 48 56 26.0 NONE
17 49 92 56.0 NONE
17 50 68 177.0 NONE
17 51 72 182.0 NONE
17 52 48 189.0 NONE
17 53 67 115.0 NONE
17 54 11 49.0 NONE
17 55 67 114.0 NONE
17 56 39 88.0 NONE
17 57 46 163.0 NONE
17 58 69 137.0 NONE
17 59 73 47.0 NONE
17 60 55 68.0 NONE
17 61 43 46.0 NONE
17 62 78 91.0 NONE
17 63 40 92.0 NONE
17 64 52 127.0 NONE
17 65 85 5.0 NONE
17 66 59 156.0 NONE
17 67 96 5.0 NONE
17 68 14 151.0 NONE
17 69 12 28.0 NONE
17 70 38 119.0 NONE
17 71 89 127.0 NONE
17 72 46 92.0 NONE
17 73 29 127.0 NONE
17 74 10 153.0 NONE
17 75 73 1.0 NONE
17 76 27 67.0 NONE
17 77 49 120.0 NONE
17 78 45 98.0 NONE
17 79 60 162.0 NONE
18 0 85 51.0 NONE
18 1 69 117.0 NONE
18 2 76 130.0 NONE
18 3 16 36.0 NONE
18 4 86 37.0 NONE
18 5 87 171.0 NONE
18 6 24 54.0 NONE
18 7 83 123.0 NONE
18 8 70 29.0 NONE
18 9 9 6.0 NONE
18 10 50 94.0 NONE
18 11 43 113.0 NONE
18 12 61 58.0 NONE
18 13 31 188.0 NONE
18 14 29 98.0 NONE
18 15 68 4.0 NONE
18 16 43 64.0 NONE
18 17 96 135.0 NONE
18 18 89 125.0 NONE
18 19 17 180.0 NONE
18 20 83 156.0 NONE
18 21 46 41.0 NONE
18 22 73 56.0 NONE
18 23 62 2.0 NONE
18 24 20 180.0 NONE
18 25 39 15.0 NONE
18 26 5 75.0 NONE
18 27 76 183.0 NONE
18 28 86 6.0 NONE
18 29 84 194.0 NONE
18 30 69 173.0 NONE
18 31 99 5.0 NONE
18 32 100 175.0 NONE
18 33 9 53.0 NONE
18 34 25 15.0 NONE
18 35 70 122.0 NONE
18 36 55 8.0 NONE
18 37 0 157.0 NONE
18 38 45 22.0 NONE
18 39 98 142.0 NONE
18 40 10 122.0 NONE
18 41 35 68.0 NONE
18 42 20 122.0 NONE
18 43 88 6.0 NONE
18 44 28 147.0 NONE
18 45 10 180.0 NONE
18 46 74 99.0 NONE
18 47 70 74.0 NONE
18 48 34 98.0 NONE
18 49 66 74.0 NONE
18 50 95 110.0 NONE
18 51 91 19.0 NONE
18 52 100 102.0 NONE
18 53 16 68.0 NONE
18 54 66 4.0 NONE
18 55 57 153.0 NONE
18 56 54 14.0 NONE
18 57 51 57.0 NONE
18 58 55 94.0 NONE
18 59 38 184.0 NONE
18 60 86 135.0 NONE
18 61 90 24.0 NONE
18 62 89 127.0 NONE
18 63 88 120.0 NONE
18 64 94 73.0 NONE
18 65 71 13.0 NONE
18 66 33 7.0 NONE
18 67 20 33.0 NONE
18 68 92 38.0 NONE
18 69 27 29.0 NONE
18 70 48 111.0 NONE
18 71 65 74.0 NONE
18 72 78 138.0 NONE
18 73 84 184.0 NONE
18 74 92 50.0 NONE
18 75 76 185.0 NONE
18 76 30 49.0 NONE
18 77 52 38.0 NONE
18 78 86 18.0 NONE
18 79 68 176.0 NONE
19 0 76 123.0 NONE
19 1 40 154.0 NONE
19 2 79 86.0 NONE
19 3 28 119.0 NONE
19 4 53 35.0 NONE
19 5 90 117.0 NONE
19 6 51 76.0 NONE
19 7 91 24.0 NONE
19 8 74 92.0 NONE
19 9 97 140.0 NONE
19 10 72 75.0 NONE
19 11 99 59.0 NONE
19 12 31 41.0 NONE
19 13 94 5.0 NONE
19 14 82 126.0 NONE
19 15 86 171.0 NONE
19 16 32 179.0 NONE
19 17 99 154.0 NONE
19 18 66 53.0 NONE
19 19 42 61.0 NONE
19 20 41 105.0 NONE
19 21 47 199.0 NONE
19 22 58 58.0 NONE
19 23 57 99.0 NONE
19 24 63 26.0 NONE
19 25 73 140.0 NONE
19 26 55 148.0 NONE
19 27 53 200.0 NONE
19 28 7 42.0 NONE
19 29 5 77.0 NONE
19 30 74 133.0 NONE
19 31 47 155.0 NONE
19 32 0 35.0 NONE
19 33 84 2.0 NONE
19 34 52 141.0 NONE
19 35 4 163.0 NONE
19 36 54 86.0 NONE
19 37 26 147.0 NONE
19 38 76 105.0 NONE
19 39 80 125.0 NONE
19 40 92 136.0 NONE
19 41 95 198.0 NONE
19 42 6 65.0 NONE
19 43 50 152.0 NONE
19 44 1 113.0 NONE
19 45 33 119.0 NONE
19 46 14 29.0 NONE
19 47 93 177.0 NONE
19 48 67 171.0 NONE
19 49 95 22.0 NONE
19 50 60 152.0 NONE
19 51 56 181.0 NONE
19 52 78 115.0 NONE
19 53 64 114.0 NONE
19 54 71 62.0 NONE
19 55 27 51.0 NONE
19 56 50 199.0 NONE
19 57 40 60.0 NONE
19 58 1 10.0 NONE
19 59 5 81.0 NONE
19 60 81 51.0 NONE
19 61 61 97.0 NONE
19 62 94 153.0 NONE
19 63 15 5.0 NONE
19 64 38 11.0 NONE
19 65 50 128.0 NONE
19 66 54 156.0 NONE
19 67 31 112.0 NONE
19 68 45 157.0 NONE
19 69 43 42.0 NONE
19 70 13 129.0 NONE
19 71 8 8.0 NONE
19 72 16 168.0 NONE
19 73 17 186.0 NONE
19 74 65 176.0 NONE
19 75 11 75.0 NONE
19 76 64 33.0 NONE
19 77 18 125.0 NONE
19 78 62 69.0 NONE
19 79 14 101.0 NONE
20 0 56 47.0 NONE
20 1 82 132.0 NONE
20 2 33 36.0 NONE
20 3 0 30.0 NONE
20 4 21 183.0 NONE
20 5 75 41.0 NONE
20 6 67 70.0 NONE
20 7 81 199.0 NONE
20 8 29 10.0 NONE
20 9 11 179.0 NONE
20 10 30 34.0 NONE
20 11 26 116.0 NONE
20 12 70 130.0 NONE
20 13 16 158.0 NONE
20 14 65 104.0 NONE
20 15 69 50.0 NONE
20 16 26 193.0 NONE
20 17 47 101.0 NONE
20 18 61 86.0 NONE
20 19 15 176.0 NONE
20 20 22 196.0 NONE
20 21 84 196.0 NONE
20 22 80 70.0 NONE
20 23 91 54.0 NONE
20 24 77 196.0 NONE
20 25 61 68.0 NONE
20 26 22 62.0 NONE
20 27 93 87.0 NONE
20 28 94 48.0 NONE
20 29 2 133.0 NONE
20 30 17 132.0 NONE
20 31 32 28.0 NONE
20 32 75 9.0 NONE
20 33 69 155.0 NONE
20 34 2 55.0 NONE
20 35 96 91.0 NONE
20 36 48 111.0 NONE
20 37 34 45.0 NONE
20 38 26 50.0 NONE
20 39 33 28.0 NONE
20 40 18 40.0 NONE
20 41 64 33.0 NONE
20 42 70 105.0 NONE
20 43 80 33.0 NONE
20 44 6 141.0 NONE
20 45 46 167.0 NONE
20 46 87 6.0 NONE
20 47 61 130.0 NONE
20 48 32 164.0 NONE
20 49 1 133.0 NONE
20 50 7 45.0 NONE
20 51 30 4.0 NONE
20 52 48 80.0 NONE
20 53 78 91.0 NONE
20 54 50 18.0 NONE
20 55 38 51.0 NONE
20 56 29 92.0 NONE
20 57 2 195.0 NONE
20 58 38 6.0 NONE
20 59 55 78.0 NONE
20 60 83 56.0 NONE
20 61 45 192.0 NONE
20 62 13 43.0 NONE
20 63 63 143.0 NONE
20 64 37 148.0 NONE
20 65 16 92.0 NONE
20 66 99 54.0 NONE
20 67 7 70.0 NONE
20 68 9 72.0 NONE
20 69 19 173.0 NONE
20 70 48 81.0 NONE
20 71 84 24.0 NONE
20 72 69 173.0 NONE
20 73 95 36.0 NONE
20 74 92 72.0 NONE
20 75 71 181.0 NONE
20 76 49 39.0 NONE
20 77 60 56.0 NONE
20 78 53 157.0 NONE
20 79 68 174.0 NONE
21 0 68 38.0 NONE
21 1 23 62.0 NONE
21 2 100 179.0 NONE
21 3 75 58.0 NONE
21 4 68 98.0 NONE
21 5 15 83.0 NONE
21 6 73 106.0 NONE
21 7 27 175.0 NONE
21 8 78 73.0 NONE
21 9 73 88.0 NONE
21 10 75 198.0 NONE
21 11 86 152.0 NONE
21 12 62 87.0 NONE
21 13 74 63.0 NONE
21 14 37 43.0 NONE
21 15 30 118.0 NONE
21 16 3 116.0 NONE
21 17 3 57.0 NONE
21 18 82 56.0 NONE
21 19 14 83.0 NONE
21 20 47 91.0 NONE
21 21 95 35.0 NONE
21 22 60 27.0 NONE
21 23 75 51.0 NONE
21 24 92 81.0 NONE
21 25 85 59.0 NONE
21 26 26 35.0 NONE
21 27 6 110.0 NONE
21 28 3 149.0 NONE
21 29 74 166.0 NONE
21 30 69 12.0 NONE
21 31 51 189.0 NONE
21 32 0 132.0 NONE
21 33 77 127.0 NONE
21 34 33 157.0 NONE
21 35 49 200.0 NONE
21 36 22 32.0 NONE
21 37 4 180.0 NONE
21 38 86 1.0 NONE
21 39 60 173.0 NONE
21 40 91 184.0 NONE
21 41 20 17.0 NONE
21 42 10 15.0 NONE
21 43 55 2.0 NONE
21 44 13 182.0 NONE
21 45 60 9.0 NONE
21 46 39 73.0 NONE
21 47 26 89.0 NONE
21 48 3 17.0 NONE
21 49 92 64.0 NONE
21 50 59 141.0 NONE
21 51 73 33.0 NONE
21 52 8 127.0 NONE
21 53 79 180.0 NONE
21 54 39 22.0 NONE
21 55 61 133.0 NONE
21 56 65 103.0 NONE
21 57 65 17.0 NONE
21 58 78 21.0 NONE
21 59 63 155.0 NONE
21 60 33 50.0 NONE
21 61 76 24.0 NONE
21 62 66 68.0 NONE
21 63 23 37.0 NONE
21 64 74 53.0 NONE
21 65 39 157.0 NONE
21 66 4 46.0 NONE
21 67 8 69.0 NONE
21 68 70 37.0 NONE
21 69 39 22.0 NONE
21 70 32 175.0 NONE
21 71 33 144.0 NONE
21 72 12 181.0 NONE
21 73 75 185.0 NONE
21 74 54 107.0 NONE
21 75 88 98.0 NONE
21 76 87 78.0 NONE
21 77 73 171.0 NONE
21 78 60 54.0 NONE
21 79 79 39.0 NONE
22 0 48 82.0 NONE
22 1 92 199.0 NONE
22 2 99 134.0 NONE
22 3 83 191.0 NONE
22 4 63 151.0 NONE
22 5 11 86.0 NONE
22 6 24 150.0 NONE
22 7 74 38.0 NONE
22 8 54 128.0 NONE
22 9 80 45.0 NONE
22 10 41 70.0 NONE
22 11 54 15.0 NONE
22 12 78 55.0 NONE
22 13 87 130.0 NONE
22 14 17 139.0 NONE
22 15 19 18.0 NONE
22 16 19 177.0 NONE
22 17 69 144.0 NONE
22 18 30 193.0 NONE
22 19 37 65.0 NONE
22 20 96 121.0 NONE
22 21 70 66.0 NONE
22 22 78 195.0 NONE
22 23 5 117.0 NONE
22 24 82 7.0 NONE
22 25 12 105.0 NONE
22 26 63 73.0 NONE
22 27 24 64.0 NONE
22 28 15 86.0 NONE
22 29 53 149.0 NONE
22 30 36 166.0 NONE
22 31 16 180.0 NONE
22 32 45 153.0 NONE
22 33 28 10.0 NONE
22 34 43 77.0 NONE
22 35 54 180.0 NONE
22 36 17 31.0 NONE
22 37 15 135.0 NONE
22 38 34 129.0 NONE
22 39 88 55.0 NONE
22 40 25 75.0 NONE
22 41 56 83.0 NONE
22 42 16 112.0 NONE
22 43 90 135.0 NONE
22 44 68 93.0 NONE
22 45 32 132.0 NONE
22 46 55 44.0 NONE
22 47 55 49.0 NONE
22 48 77 132.0 NONE
22 49 75 34.0 NONE
22 50 61 108.0 NONE
22 51 12 130.0 NONE
22 52 30 31.0 NONE
22 53 62 165.0 NONE
22 54 22 198.0 NONE
22 55 57 40.0 NONE
22 56 48 76.0 NONE
22 57 26 188.0 NONE
22 58 61 144.0 NONE
22 59 90 62.0 NONE
22 60 31 171.0 NONE
22 61 75 185.0 NONE
22 62 21 135.0 NONE
22 63 35 132.0 NONE
22 64 17 162.0 NONE
22 65 7 82.0 NONE
22 66 30 117.0 NONE
22 67 71 155.0 NONE
22 68 29 11.0 NONE
22 69 66 195.0 NONE
22 70 82 186.0 NONE
22 71 83 180.0 NONE
22 72 63 176.0 NONE
22 73 68 53.0 NONE
22 74 25 51.0 NONE
22 75 51 87.0 NONE
22 76 39 189.0 NONE
22 77 2 11.0 NONE
22 78 82 85.0 NONE
22 79 96 50.0 NONE
23 0 4 77.0 NONE
23 1 77 99.0 NONE
23 2 98 145.0 NONE
23 3 68 126.0 NONE
23 4 64 129.0 NONE
23 5 65 149.0 NONE
23 6 19 174.0 NONE
23 7 61 150.0 NONE
23 8 83 157.0 NONE
23 9 88 116.0 NONE
23 10 46 66.0 NONE
23 11 59 169.0 NONE
23 12 81 41.0 NONE
23 13 14 147.0 NONE
23 14 99 109.0 NONE
23 15 62 106.0 NONE
23 16 15 16.0 NONE
23 17 80 20.0 NONE
23 18 4 185.0 NONE
23 19 57 183.0 NONE
23 20 27 192.0 NONE
23 21 53 4.0 NONE
23 22 88 146.0 NONE
23 23 16 93.0 NONE
23 24 83 55.0 NONE
23 25 0 47.0 NONE
23 26 25 44.0 NONE
23 27 48 151.0 NONE
23 28 53 148.0 NONE
23 29 22 63.0 NONE
23 30 91 127.0 NONE
23 31 22 118.0 NONE
23 32 99 184.0 NONE
23 33 73 123.0 NONE
23 34 8 182.0 NONE
23 35 59 21.0 NONE
23 36 66 77.0 NONE
23 37 77 8.0 NONE
23 38 89 51.0 NONE
23 39 48 165.0 NONE
23 40 0 50.0 NONE
23 41 11 31.0 NONE
23 42 15 181.0 NONE
23 43 20 165.0 NONE
23 44 38 17.0 NONE
23 45 10 103.0 NONE
23 46 100 142.0 NONE
23 47 23 85.0 NONE
23 48 33 73.0 NONE
23 49 8 34.0 NONE
23 50 34 76.0 NONE
23 51 44 28.0 NONE
23 52 21 15.0 NONE
23 53 52 148.0 NONE
23 54 1 108.0 NONE
23 55 83 142.0 NONE
23 56 51 9.0 NONE
23 57 16 100.0 NONE
23 58 28 187.0 NONE
23 59 89 98.0 NONE
23 60 4 34.0 NONE
23 61 14 77.0 NONE
23 62 80 82.0 NONE
23 63 98 116.0 NONE
23 64 7 121.0 NONE
23 65 5 185.0 NONE
23 66 41 102.0 NONE
23 67 34 68.0 NONE
23 68 93 115.0 NONE
23 69 13 70.0 NONE
23 70 36 169.0 NONE
23 71 69 60.0 NONE
23 72 72 72.0 NONE
23 73 26 111.0 NONE
23 74 74 105.0 NONE
23 75 43 106.0 NONE
23 76 28 123.0 NONE
23 77 35 108.0 NONE
23 78 17 74.0 NONE
23 79 9 4.0 NONE
24 0 26 30.0 NONE
24 1 33 115.0 NONE
24 2 25 134.0 NONE
24 3 35 126.0 NONE
24 4 23 143.0 NONE
24 5 84 45.0 NONE
24 6 12 126.0 NONE
24 7 82 122.0 NONE
24 8 95 94.0 NONE
24 9 22 178.0 NONE
24 10 13 188.0 NONE
24 11 45 170.0 NONE
24 12 46 49.0 NONE
24 13 67 120.0 NONE
24 14 67 188.0 NONE
24 15 29 49.0 NONE
24 16 46 131.0 NONE
24 17 28 33.0 NONE
24 18 40 78.0 NONE
24 19 93 186.0 NONE
24 20 12 146.0 NONE
24 21 69 187.0 NONE
24 22 64 169.0 NONE
24 23 63 46.0 NONE
24 24 38 135.0 NONE
24 25 33 153.0 NONE
24 26 52 13.0 NONE
24 27 42 113.0 NONE
24 28 32 165.0 NONE
24 29 58 184.0 NONE
24 30 22 13.0 NONE
24 31 37 133.0 NONE
24 32 27 198.0 NONE
24 33 36 17.0 NONE
24 34 42 127.0 NONE
24 35 71 173.0 NONE
24 36 58 137.0 NONE
24 37 81 124.0 NONE
24 38 66 95.0 NONE
24 39 83 61.0 NONE
24 40 24 0.0 NONE
24 41 34 155.0 NONE
24 42 43 57.0 NONE
24 43 16 60.0 NONE
24 44 96 21.0 NONE
24 45 95 114.0 NONE
24 46 4 94.0 NONE
24 47 38 46.0 NONE
24 48 16 114.0 NONE
24 49 70 74.0 NONE
24 50 65 49.0 NONE
24 51 56 139.0 NONE
24 52 14 14.0 NONE
24 53 83 112.0 NONE
24 54 90 68.0 NONE
24 55 24 158.0 NONE
24 56 28 29.0 NONE
24 57 79 155.0 NONE
24 58 24 117.0 NONE
24 59 45 148.0 NONE
24 60 10 11.0 NONE
24 61 9 102.0 NONE
24 62 80 15.0 NONE
24 63 20 58.0 NONE
24 64 57 186.0 NONE
24 65 7 42.0 SEA
24 66 16 137.0 NONE
24 67 93 101.0 NONE
24 68 83 143.0 NONE
24 69 59 7.0 NONE
24 70 81 27.0 NONE
24 71 95 193.0 NONE
24 72 43 136.0 NONE
24 73 43 198.0 SEA
24 74 79 182.0 NONE
24 75 100 94.0 NONE
24 76 59 79.0 NONE
24 77 11 21.0 NONE
24 78 99 134.0 NONE
24 79 21 144.0 NONE
25 0 16 108.0 NONE
25 1 99 149.0 NONE
25 2 0 4.0 NONE
25 3 30 124.0 NONE
25 4 26 186.0 NONE
25 5 8 81.0 NONE
25 6 62 144.0 NONE
25 7 63 30.0 NONE
25 8 76 101.0 NONE
25 9 13 95.0 NONE
25 10 20 151.0 NONE
25 11 56 199.0 NONE
25 12 16 70.0 NONE
25 13 49 160.0 NONE
25 14 63 166.0 NONE
25 15 33 60.0 NONE
25 16 46 181.0 NONE
25 17 11 17.0 NONE
25 18 67 31.0 NONE
25 19 12 62.0 NONE
25 20 1 173.0 NONE
25 21 74 91.0 NONE
25 22 63 135.0 NONE
25 23 23 147.0 NONE
25 24 66 109.0 NONE
25 25 79 145.0 NONE
25 26 100 11.0 NONE
25 27 47 15.0 NONE
25 28 41 135.0 NONE
25 29 90 23.0 NONE
25 30 18 17.0 NONE
25 31 21 67.0 NONE
25 32 60 172.0 NONE
25 33 92 118.0 NONE
25 34 79 63.0 NONE
25 35 75 145.0 NONE
25 36 30 35.0 NONE
25 37 77 197.0 NONE
25 38 74 16.0 NONE
25 39 77 80.0 NONE
25 40 31 140.0 NONE
25 41 64 117.0 NONE
25 42 43 50.0 NONE
25 43 20 57.0 NONE
25 44 10 180.0 NONE
25 45 30 167.0 NONE
25 46 70 65.0 NONE
25 47 76 101.0 NONE
25 48 45 33.0 NONE
25 49 54 78.0 NONE
25 50 14 152.0 NONE
25 51 78 11.0 NONE
25 52 80 180.0 NONE
25 53 96 130.0 NONE
25 54 23 114.0 NONE
25 55 47 125.0 NONE
25 56 35 8.0 NONE
25 57 79 85.0 NONE
25 58 11 135.0 NONE
25 59 40 161.0 NONE
25 60 62 171.0 NONE
25 61 29 101.0 NONE
25 62 20 101.0 NONE
25 63 86 5.0 NONE
25 64 92 64.0 NONE
25 65 97 38.0 NONE
25 66 89 158.0 NONE
25 67 63 198.0 NONE
25 68 80 120.0 NONE
25 69 59 10.0 NONE
25 70 82 125.0 NONE
25 71 12 88.0 NONE
25 72 81 55.0 NONE
25 73 95 105.0 NONE
25 74 84 29.0 NONE
25 75 96 100.0 NONE
25 76 77 84.0 NONE
25 77 66 25.0 NONE
25 78 40 103.0 NONE
25 79 38 199.0 NONE
26 0 46 131.0 NONE
26 1 41 51.0 NONE
26 2 98 193.0 NONE
26 3 33 80.0 NONE
26 4 59 147.0 NONE
26 5 67 13.0 NONE
26 6 92 22.0 NONE
26 7 74 83.0 NONE
26 8 33 85.0 NONE
26 9 50 146.0 NONE
26 10 69 167.0 NONE
26 11 50 45.0 NONE
26 12 75 112.0 NONE
26 13 22 22.0 NONE
26 14 57 79.0 NONE
26 15 41 2.0 NONE
26 16 0 126.0 NONE
26 17 100 147.0 NONE
26 18 96 116.0 NONE
26 19 54 53.0 NONE
26 20 11 65.0 NONE
26 21 37 93.0 NONE
26 22 18 16.0 NONE
26 23 32 182.0 NONE
26 24 60 158.0 NONE
26 25 74 71.0 NONE
26 26 39 71.0 NONE
26 27 9 76.0 NONE
26 28 41 111.0 NONE
26 29 94 106.0 NONE
26 30 69 144.0 NONE
26 31 71 14.0 NONE
26 32 93 87.0 NONE
26 33 56 32.0 NONE
26 34 87 83.0 NONE
26 35 90 170.0 NONE
26 36 78 164.0 NONE
26 37 75 148.0 NONE
26 38 31 161.0 NONE
26 39 10 113.0 NONE
26 40 1 31.0 NONE
26 41 38 69.0 NONE
26 42 90 26.0 NONE
26 43 7 142.0 NONE
26 44 79 112.0 NONE
26 45 19 113.0 NONE
26 46 93 58.0 NONE
26 47 50 131.0 NONE
26 48 40 161.0 NONE
26 49 91 45.0 NONE
26 50 54 137.0 NONE
26 51 54 31.0 NONE
26 52 65 47.0 NONE
26 53 68 34.0 NONE
26 54 7 18.0 NONE
26 55 81 14.0 NONE
26 56 69 45.0 NONE
26 57 39 132.0 NONE
26 58 24 200.0 NONE
26 59 31 79.0 NONE
26 60 82 62.0 NONE
26 61 42 40.0 NONE
26 62 22 8.0 NONE
26 63 44 27.0 NONE
26 64 98 19.0 NONE
26 65 12 167.0 NONE
26 66 1 64.0 NONE
26 67 92 120.0 NONE
26 68 80 110.0 NONE
26 69 11 42.0 NONE
26 70 59 159.0 NONE
26 71 31 25.0 NONE
26 72 56 66.0 NONE
26 73 93 192.0 NONE
26 74 66 14.0 NONE
26 75 61 65.0 NONE
26 76 37 35.0 NONE
26 77 94 47.0 NONE
26 78 24 41.0 NONE
26 79 85 76.0 NONE
27 0 39 119.0 NONE
27 1 29 73.0 NONE
27 2 28 78.0 NONE
27 3 83 191.0 NONE
27 4 96 68.0 NONE
27 5 47 7.0 NONE
27 6 85 128.0 NONE
27 7 49 145.0 NONE
27 8 91 76.0 NONE
27 9 67 94.0 NONE
27 10 90 168.0 NONE
27 11 36 136.0 NONE
27 12 49 84.0 NONE
27 13 97 90.0 NONE
27 14 54 151.0 NONE
27 15 19 124.0 NONE
27 16 62 27.0 NONE
27 17 31 38.0 NONE
27 18 26 176.0 NONE
27 19 76 101.0 NONE
27 20 36 133.0 NONE
27 21 41 83.0 NONE
27 22 54 49.0 NONE
27 23 36 125.0 NONE
27 24 100 11.0 NONE
27 25 29 34.0 NONE
27 26 84 103.0 NONE
27 27 51 147.0 NONE
27 28 91 137.0 NONE
27 29 6 23.0 NONE
27 30 94 8.0 NONE
27 31 86 117.0 NONE
27 32 20 175.0 NONE
27 33 9 95.0 NONE
27 34 1 131.0 NONE
27 35 40 105.0 NONE
27 36 93 43.0 NONE
27 37 76 158.0 NONE
27 38 6 87.0 NONE
27 39 42 24.0 NONE
27 40 4 56.0 NONE
27 41 30 32.0 NONE
27 42 36 134.0 NONE
27 43 69 184.0 NONE
27 44 79 158.0 NONE
27 45 63 136.0 NONE
27 46 20 146.0 NONE
27 47 10 173.0 NONE
27 48 83 81.0 NONE
27 49 96 39.0 NONE
27 50 24 137.0 NONE
27 51 46 187.0 NONE
27 52 57 136.0 NONE
27 53 70 122.0 NONE
27 54 82 154.0 NONE
27 55 24 1.0 NONE
27 56 41 178.0 NONE
27 57 99 70.0 NONE
27 58 40 11.0 NONE
27 59 70 26.0 NONE
27 60 75 143.0 NONE
27 61 77 149.0 NONE
27 62 0 196.0 NONE
27 63 33 108.0 NONE
27 64 14 10.0 NONE
27 65 25 82.0 NONE
27 66 97 109.0 NONE
27 67 71 46.0 NONE
27 68 91 80.0 NONE
27 69 26 187.0 NONE
27 70 71 68.0 NONE
27 71 41 171.0 NONE
27 72 2 121.0 NONE
27 73 74 69.0 NONE
27 74 33 147.0 NONE
27 75 13 54.0 NONE
27 76 8 177.0 NONE
27 77 36 56.0 NONE
27 78 99 167.0 NONE
27 79 52 9.0 NONE
28 0 79 95.0 NONE
28 1 27 161.0 NONE
28 2 54 24.0 NONE
28 3 30 140.0 NONE
28 4 7 52.0 NONE
28 5 3 52.0 NONE
28 6 0 165.0 NONE
28 7 54 101.0 NONE
28 8 10 44.0 NONE
28 9 52 119.0 NONE
28 10 54 85.0 NONE
28 11 31 19.0 NONE
28 12 33 134.0 NONE
28 13 42 18.0 NONE
28 14 24 183.0 NONE
28 15 5 59.0 NONE
28 16 76 95.0 NONE
28 17 38 91.0 NONE
28 18 88 123.0 NONE
28 19 31 164.0 NONE
28 20 91 160.0 NONE
28 21 8 126.0 NONE
28 22 30 152.0 NONE
28 23 73 158.0 NONE
28 24 4 12.0 NONE
28 25 71 162.0 NONE
28 26 30 24.0 NONE
28 27 52 49.0 NONE
28 28 96 29.0 NONE
28 29 64 106.0 NONE
28 30 96 66.0 NONE
28 31 64 12.0 NONE
28 32 96 16.0 NONE
28 33 44 172.0 NONE
28 34 87 154.0 NONE
28 35 53 194.0 NONE
28 36 26 128.0 NONE
28 37 20 191.0 NONE
28 38 85 23.0 NONE
28 39 11 113.0 NONE
28 40 70 136.0 NONE
28 41 3 120.0 NONE
28 42 86 185.0 NONE
28 43 33 112.0 NONE
28 44 38 23.0 NONE
28 45 25 96.0 NONE
28 46 33 168.0 NONE
28 47 55 117.0 NONE
28 48 0 170.0 NONE
28 49 40 45.0 NONE
28 50 19 67.0 NONE
28 51 53 68.0 NONE
28 52 72 18.0 NONE
28 53 34 124.0 NONE
28 54 7 12.0 NONE
28 55 75 188.0 NONE
28 56 74 162.0 NONE
28 57 95 80.0 NONE
28 58 77 35.0 NONE
28 59 37 130.0 NONE
28 60 27 74.0 NONE
28 61 12 106.0 NONE
28 62 73 57.0 NONE
28 63 16 92.0 NONE
28 64 31 97.0 NONE
28 65 27 196.0 NONE
28 66 20 165.0 NONE
28 67 97 31.0 NONE
28 68 38 8.0 NONE
28 69 33 62.0 NONE
28 70 37 3.0 NONE
28 71 74 153.0 NONE
28 72 38 112.0 NONE
28 73 1 118.0 NONE
28 74 51 160.0 NONE
28 75 22 136.0 NONE
28 76 100 41.0 NONE
28 77 3 98.0 NONE
28 78 7 51.0 NONE
28 79 64 149.0 NONE
29 0 38 125.0 NONE
29 1 20 116.0 NONE
29 2 20 94.0 NONE
29 3 10 11.0 NONE
29 4 7 25.0 NONE
29 5 83 24.0 NONE
29 6 13 192.0 NONE
29 7 57 79.0 NONE
29 8 33 175.0 NONE
29 9 82 186.0 NONE
29 10 33 182.0 NONE
29 11 56 92.0 NONE
29 12 42 32.0 NONE
29 13 32 14.0 NONE
29 14 54 198.0 NONE
29 15 97 67.0 NONE
29 16 42 186.0 NONE
29 17 92 99.0 NONE
29 18 93 98.0 NONE
29 19 68 166.0 NONE
29 20 69 13.0 NONE
29 21 55 176.0 NONE
29 22 4 191.0 NONE
29 23 78 136.0 NONE
29 24 98 42.0 NONE
29 25 89 39.0 NONE
29 26 36 134.0 NONE
29 27 63 147.0 NONE
29 28 87 14.0 NONE
29 29 68 172.0 NONE
29 30 45 115.0 NONE
29 31 15 120.0 NONE
29 32 11 82.0 NONE
29 33 32 107.0 NONE
29 34 20 104.0 NONE
29 35 86 65.0 NONE
29 36 83 70.0 NONE
29 37 69 150.0 NONE
29 38 60 191.0 NONE
29 39 73 43.0 NONE
29 40 81 106.0 NONE
29 41 100 17.0 NONE
29 42 92 80.0 NONE
29 43 92 150.0 NONE
29 44 42 58.0 NONE
29 45 25 112.0 NONE
29 46 44 68.0 NONE
29 47 75 46.0 NONE
29 48 69 1.0 NONE
29 49 44 66.0 NONE
29 50 0 79.0 NONE
29 51 65 128.0 NONE
29 52 66 19.0 NONE
29 53 66 12.0 NONE
29 54 92 167.0 NONE
29 55 83 166.0 SEA
29 56 14 89.0 NONE
29 57 70 77.0 NONE
29 58 14 185.0 NONE
29 59 3 12.0 NONE
29 60 39 47.0 NONE
29 61 96 81.0 NONE
29 62 88 109.0 NONE
29 63 57 77.0 NONE
29 64 26 79.0 NONE
29 65 56 31.0 NONE
29 66 64 18.0 NONE
29 67 34 109.0 NONE
29 68 7 40.0 NONE
29 69 3 81.0 NONE
29 70 77 141.0 NONE
29 71 81 70.0 NONE
29 72 4 145.0 NONE
29 73 7 70.0 NONE
29 74 87 39.0 NONE
29 75 95 118.0 NONE
29 76 8 26.0 NONE
29 77 7 186.0 NONE
29 78 47 55.0 NONE
29 79 70 9.0 NONE
30 0 41 17.0 NONE
30 1 57 184.0 NONE
30 2 17 198.0 NONE
30 3 42 39.0 NONE
30 4 7 145.0 NONE
30 5 78 197.0 NONE
30 6 83 88.0 NONE
30 7 39 115.0 NONE
30 8 54 190.0 NONE
30 9 78 74.0 NONE
30 10 64 26.0 NONE
30 11 37 187.0 NONE
30 12 84 5.0 NONE
30 13 9 180.0 NONE
30 14 27 126.0 NONE
30 15 69 129.0 NONE
30 16 96 146.0 NONE
30 17 67 94.0 NONE
30 18 26 66.0 NONE
30 19 50 6.0 NONE
30 20 35 103.0 NONE
30 21 66 39.0 NONE
30 22 26 93.0 NONE
30 23 12 108.0 NONE
30 24 0 97.0 NONE
30 25 28 175.0 NONE
30 26 14 146.0 NONE
30 27 44 188.0 NONE
30 28 21 11.0 NONE
30 29 77 109.0 NONE
30 30 77 29.0 NONE
30 31 10 189.0 NONE
30 32 3 141.0 NONE
30 33 25 23.0 NONE
30 34 2 193.0 NONE
30 35 75 197.0 NONE
30 36 23 26.0 NONE
30 37 1 91.0 NONE
30 38 50 165.0 NONE
30 39 50 1.0 NONE
30 40 94 136.0 NONE
30 41 41 98.0 NONE
30 42 77 87.0 NONE
30 43 70 98.0 NONE
30 44 54 193.0 NONE
30 45 47 3.0 NONE
30 46 30 88.0 NONE
30 47 23 30.0 NONE
30 48 46 188.0 NONE
30 49 1 77.0 NONE
30 50 31 64.0 NONE
30 51 32 184.0 NONE
30 52 76 187.0 NONE
30 53 65 65.0 NONE
30 54 22 92.0 NONE
30 55 35 42.0 NONE
30 56 84 62.0 NONE
30 57 10 85.0 NONE
30 58 46 146.0 NONE
30 59 17 116.0 NONE
30 60 68 169.0 NONE
30 61 78 19.0 NONE
30 62 76 31.0 NONE
30 63 8 55.0 NONE
30 64 23 198.0 NONE
30 65 40 17.0 NONE
30 66 19 128.0 NONE
30 67 26 58.0 NONE
30 68 8 103.0 NONE
30 69 8 165.0 NONE
30 70 73 151.0 NONE
30 71 42 172.0 NONE
30 72 43 57.0 NONE
30 73 44 29.0 NONE
30 74 83 197.0 NONE
30 75 89 124.0 NONE
30 76 0 37.0 NONE
30 77 28 38.0 NONE
30 78 45 23.0 NONE
30 79 61 157.0 NONE
31 0 40 71.0 NONE
31 1 20 113.0 NONE
31 2 65 95.0 NONE
31 3 50 20.0 NONE
31 4 11 61.0 NONE
31 5 3 6.0 NONE
31 6 41 64.0 NONE
31 7 23 78.0 NONE
31 8 10 119.0 NONE
31 9 93 51.0 NONE
31 10 47 120.0 NONE
31 11 50 199.0 NONE
31 12 66 19.0 NONE
31 13 70 102.0 NONE
31 14 29 150.0 NONE
31 15 19 90.0 NONE
31 16 10 12.0 NONE
31 17 49 47.0 NONE
31 18 56 78.0 NONE
31 19 14 15.0 NONE
31 20 37 96.0 NONE
31 21 3 183.0 NONE
31 22 56 14.0 NONE
31 23 24 88.0 NONE
31 24 56 101.0 NONE
31 25 98 136.0 NONE
31 26 59 64.0 NONE
31 27 23 177.0 NONE
31 28 7 169.0 NONE
31 29 16 114.0 NONE
31 30 23 150.0 NONE
31 31 43 95.0 NONE
31 32 90 96.0 NONE
31 33 75 74.0 NONE
31 34 92 194.0 NONE
31 35 7 19.0 NONE
31 36 14 19.0 NONE
31 37 48 89.0 NONE
31 38 40 95.0 NONE
31 39 16 123.0 NONE
31 40 85 4.0 NONE
31 41 73 7.0 NONE
31 42 86 173.0 NONE
31 43 7 61.0 NONE
31 44 72 122.0 NONE
31 45 87 174.0 NONE
31 46 85 4.0 NONE
31 47 8 174.0 NONE
31 48 31 83.0 NONE
31 49 24 20.0 NONE
31 50 32 7.0 NONE
31 51 72 179.0 NONE
31 52 83 93.0 NONE
31 53 81 183.0 NONE
31 54 38 26.0 NONE
31 55 60 99.0 NONE
31 56 47 114.0 NONE
31 57 1 61.0 NONE
31 58 48 156.0 NONE
31 59 15 85.0 NONE
31 60 10 102.0 NONE
31 61 85 179.0 NONE
31 62 33 160.0 NONE
31 63 30 15.0 NONE
31 64 70 84.0 NONE
31 65 73 147.0 NONE
31 66 70 26.0 NONE
31 67 10 197.0 NONE
31 68 60 160.0 NONE
31 69 93 108.0 NONE
31 70 71 109.0 NONE
31 71 91 169.0 NONE
31 72 86 193.0 NONE
31 73 71 148.0 NONE
31 74 56 108.0 NONE
31 75 47 27.0 NONE
31 76 4 167.0 NONE
31 77 8 60.0 NONE
31 78 60 24.0 NONE
31 79 17 164.0 NONE
32 0 26 73.0 NONE
32 1 27 51.0 NONE
32 2 23 51.0 NONE
32 3 18 166.0 NONE
32 4 27 23.0 NONE
32 5 99 60.0 NONE
32 6 14 37.0 NONE
32 7 30 31.0 NONE
32 8 6 122.0 NONE
32 9 14 0.0 NONE
32 10 73 182.0 NONE
32 11 80 170.0 NONE
32 12 13 117.0 NONE
32 13 85 82.0 NONE
32 14 75 92.0 NONE
32 15 39 56.0 NONE
32 16 38 58.0 NONE
32 17 46 20.0 NONE
32 18 66 168.0 NONE
32 19 33 60.0 NONE
32 20 44 69.0 NONE
32 21 25 4.0 NONE
32 22 100 155.0 NONE
32 23 23 69.0 NONE
32 24 72 186.0 NONE
32 25 97 115.0 NONE
32 26 91 112.0 NONE
32 27 85 113.0 NONE
32 28 54 46.0 NONE
32 29 24 179.0 NONE
32 30 67 133.0 NONE
32 31 29 79.0 NONE
32 32 21 87.0 NONE
32 33 75 43.0 NONE
32 34 69 198.0 NONE
32 35 23 69.0 NONE
32 36 84 146.0 NONE
32 37 39 145.0 NONE
32 38 48 165.0 NONE
32 39 99 162.0 NONE
32 40 18 16.0 NONE
32 41 12 83.0 NONE
32 42 52 178.0 NONE
32 43 74 33.0 NONE
32 44 99 142.0 NONE
32 45 9 154.0 NONE
32 46 99 22.0 NONE
32 47 9 108.0 NONE
32 48 46 122.0 NONE
32 49 13 60.0 NONE
32 50 74 191.0 NONE
32 51 83 187.0 NONE
32 52 99 96.0 NONE
32 53 90 44.0 NONE
32 54 17 86.0 NONE
32 55 56 123.0 NONE
32 56 3 181.0 NONE
32 57 14 172.0 NONE
32 58 76 34.0 NONE
32 59 62 199.0 NONE
32 60 0 141.0 NONE
32 61 99 120.0 NONE
32 62 21 27.0 NONE
32 63 35 75.0 NONE
32 64 49 149.0 NONE
32 65 4 72.0 NONE
32 66 93 171.0 NONE
32 67 71 47.0 NONE
32 68 6 127.0 NONE
32 69 78 187.0 NONE
32 70 88 67.0 NONE
32 71 77 7.0 NONE
32 72 74 26.0 NONE
32 73 63 154.0 NONE
32 74 19 179.0 NONE
32 75 63 133.0 NONE
32 76 46 32.0 NONE
32 77 62 192.0 NONE
32 78 16 139.0 NONE
32 79 74 193.0 NONE
33 0 59 144.0 NONE
33 1 47 95.0 NONE
33 2 27 139.0 NONE
33 3 61 11.0 NONE
33 4 5 43.0 NONE
33 5 56 5.0 NONE
33 6 59 38.0 NONE
33 7 62 56.0 NONE
33 8 57 163.0 NONE
33 9 6 191.0 NONE
33 10 66 71.0 NONE
33 11 6 18.0 NONE
33 12 28 3.0 NONE
33 13 36 29.0 NONE
33 14 62 59.0 NONE
33 15 99 33.0 NONE
33 16 59 90.0 NONE
33 17 40 165.0 NONE
33 18 17 109.0 NONE
33 19 26 103.0 NONE
33 20 9 121.0 NONE
33 21 45 137.0 NONE
33 22 83 28.0 NONE
33 23 92 99.0 NONE
33 24 87 10.0 NONE
33 25 82 158.0 NONE
33 26 32 109.0 NONE
33 27 83 167.0 NONE
33 28 50 51.0 NONE
33 29 14 33.0 NONE
33 30 21 28.0 NONE
33 31 19 44.0 NONE
33 32 67 38.0 NONE
33 33 39 195.0 NONE
33 34 15 14.0 NONE
33 35 38 0.0 NONE
33 36 13 39.0 NONE
33 37 84 153.0 NONE
33 38 16 114.0 NONE
33 39 11 2.0 NONE
33 40 40 181.0 NONE
33 41 42 32.0 NONE
33 42 2 45.0 NONE
33 43 4 129.0 NONE
33 44 45 30.0 NONE
33 45 48 185.0 NONE
33 46 64 117.0 NONE
33 47 22 134.0 NONE
33 48 39 25.0 NONE
33 49 57 81.0 NONE
33 50 80 45.0 NONE
33 51 2 65.0 NONE
33 52 81 53.0 NONE
33 53 96 122.0 NONE
33 54 99 40.0 NONE
33 55 48 167.0 NONE
33 56 11 128.0 NONE
33 57 7 116.0 NONE
33 58 93 59.0 NONE
33 59 8 55.0 NONE
33 60 32 156.0 NONE
33 61 83 144.0 NONE
33 62 0 152.0 NONE
33 63 54 87.0 NONE
33 64 5 40.0 NONE
33 65 67 55.0 NONE
33 66 1 54.0 NONE
33 67 12 38.0 NONE
33 68 56 25.0 NONE
33 69 89 28.0 NONE
33 70 57 65.0 NONE
33 71 39 83.0 NONE
33 72 4 29.0 NONE
33 73 43 123.0 NONE
33 74 28 83.0 NONE
33 75 63 107.0 NONE
33 76 91 156.0 NONE
33 77 16 186.0 NONE
33 78 55 106.0 NONE
33 79 12 45.0 NONE
34 0 25 35.0 NONE
34 1 49 94.0 NONE
34 2 46 192.0 NONE
34 3 25 169.0 NONE
34 4 0 100.0 NONE
34 5 73 36.0 NONE
34 6 32 81.0 NONE
34 7 0 122.0 NONE
34 8 55 129.0 NONE
34 9 61 108.0 NONE
34 10 61 167.0 NONE
34 11 18 120.0 NONE
34 12 60 74.0 NONE
34 13 84 198.0 NONE
34 14 52 130.0 NONE
34 15 74 25.0 NONE
34 16 68 196.0 NONE
34 17 55 174.0 NONE
34 18 34 15.0 NONE
34 19 75 8.0 NONE
34 20 60 34.0 NONE
34 21 6 18.0 NONE
34 22 37 168.0 NONE
34 23 7 191.0 NONE
34 24 70 130.0 NONE
34 25 46 44.0 NONE
34 26 0 104.0 NONE
34 27 73 116.0 NONE
34 28 62 122.0 NONE
34 29 63 125.0 NONE
34 30 33 33.0 NONE
34 31 44 99.0 NONE
34 32 21 51.0 NONE
34 33 94 174.0 NONE
34 34 29 22.0 NONE
34 35 96 38.0 NONE
34 36 51 172.0 NONE
34 37 71 113.0 NONE
34 38 28 2.0 NONE
34 39 10 33.0 NONE
34 40 98 30.0 NONE
34 41 11 57.0 NONE
34 42 74 99.0 NONE
34 43 62 65.0 NONE
34 44 57 185.0 NONE
34 45 8 57.0 NONE
34 46 100 21.0 NONE
34 47 27 15.0 NONE
34 48 21 40.0 NONE
34 49 48 36.0 NONE
34 50 68 55.0 NONE
34 51 81 168.0 NONE
34 52 71 74.0 NONE
34 53 61 150.0 NONE
34 54 18 114.0 NONE
34 55 70 172.0 NONE
34 56 28 15.0 NONE
34 57 71 104.0 NONE
34 58 11 95.0 NONE
34 59 81 96.0 NONE
34 60 18 168.0 NONE
34 61 11 177.0 NONE
34 62 79 81.0 NONE
34 63 29 74.0 NONE
34 64 11 130.0 NONE
34 65 16 167.0 NONE
34 66 1 146.0 NONE
34 67 61 65.0 NONE
34 68 40 193.0 NONE
34 69 8 113.0 NONE
34 70 95 200.0 NONE
34 71 18 115.0 NONE
34 72 3 197.0 NONE
34 73 45 105.0 NONE
34 74 56 136.0 NONE
34 75 21 160.0 NONE
34 76 27 5.0 NONE
34 77 81 152.0 NONE
34 78 11 8.0 NONE
34 79 80 52.0 NONE
35 0 23 76.0 NONE
35 1 71 96.0 NONE
35 2 74 11.0 NONE
35 3 10 140.0 NONE
35 4 61 5.0 NONE
35 5 28 62.0 NONE
35 6 83 80.0 NONE
35 7 44 1.0 NONE
35 8 68 4.0 NONE
35 9 86 126.0 NONE
35 10 99 196.0 NONE
35 11 48 142.0 NONE
35 12 5 107.0 NONE
35 13 54 176.0 NONE
35 14 73 97.0 NONE
35 15 82 177.0 NONE
35 16 80 140.0 NONE
35 17 57 178.0 NONE
35 18 13 197.0 NONE
35 19 77 192.0 NONE
35 20 9 182.0 NONE
35 21 87 100.0 NONE
35 22 17 106.0 NONE
35 23 7 102.0 NONE
35 24 37 25.0 NONE
35 25 29 2.0 NONE
35 26 37 46.0 NONE
35 27 82 22.0 NONE
35 28 61 65.0 NONE
35 29 28 65.0 NONE
35 30 10 72.0 NONE
35 31 84 151.0 NONE
35 32 35 57.0 NONE
35 33 96 154.0 NONE
35 34 59 81.0 NONE
35 35 36 86.0 NONE
35 36 47 25.0 NONE
35 37 0 191.0 NONE
35 38 50 20.0 NONE
35 39 71 169.0 NONE
35 40 89 91.0 NONE
35 41 73 27.0 NONE
35 42 64 177.0 NONE
35 43 22 87.0 NONE
35 44 67 6.0 NONE
35 45 18 197.0 NONE
35 46 11 71.0 NONE
35 47 80 25.0 NONE
35 48 22 43.0 NONE
35 49 36 151.0 NONE
35 50 6 112.0 NONE
35 51 73 96.0 NONE
35 52 56 135.0 NONE
35 53 56 27.0 NONE
35 54 77 64.0 NONE
35 55 68 35.0 NONE
35 56 84 23.0 NONE
35 57 76 79.0 NONE
35 58 72 173.0 NONE
35 59 92 193.0 NONE
35 60 58 192.0 NONE
35 61 44 111.0 NONE
35 62 94 79.0 NONE
35 63 36 125.0 NONE
35 64 41 69.0 NONE
35 65 7 143.0 NONE
35 66 81 109.0 NONE
35 67 88 90.0 NONE
35 68 6 149.0 NONE
35 69 56 150.0 SEA
35 70 92 139.0 NONE
35 71 82 62.0 NONE
35 72 11 18.0 NONE
35 73 92 0.0 NONE
35 74 90 125.0 NONE
35 75 99 78.0 NONE
35 76 61 74.0 NONE
35 77 32 141.0 NONE
35 78 22 15.0 NONE
35 79 35 24.0 NONE
36 0 63 171.0 NONE
36 1 20 50.0 NONE
36 2 31 10.0 NONE
36 3 22 166.0 NONE
36 4 43 107.0 NONE
36 5 87 115.0 NONE
36 6 64 12.0 NONE
36 7 63 40.0 NONE
36 8 57 91.0 NONE
36 9 11 33.0 NONE
36 10 46 113.0 NONE
36 11 33 124.0 NONE
36 12 40 193.0 NONE
36 13 55 118.0 NONE
36 14 48 60.0 NONE
36 15 54 169.0 NONE
36 16 62 13.0 NONE
36 17 70 103.0 NONE
36 18 60 63.0 NONE
36 19 19 140.0 NONE
36 20 96 89.0 NONE
36 21 20 111.0 NONE
36 22 46 178.0 NONE
36 23 64 141.0 NONE
36 24 100 165.0 NONE
36 25 50 94.0 NONE
36 26 51 119.0 NONE
36 27 87 166.0 NONE
36 28 76 135.0 NONE
36 29 87 108.0 NONE
36 30 79 47.0 NONE
36 31 58 153.0 NONE
36 32 73 110.0 NONE
36 33 87 42.0 NONE
36 34 62 77.0 NONE
36 35 0 83.0 NONE
36 36 20 89.0 NONE
36 37 29 32.0 NONE
36 38 96 163.0 NONE
36 39 99 112.0 NONE
36 40 23 7.0 NONE
36 41 39 109.0 NONE
36 42 4 2.0 NONE
36 43 88 157.0 NONE
36 44 65 132.0 NONE
36 45 87 9.0 NONE
36 46 64 90.0 NONE
36 47 32 40.0 NONE
36 48 70 83.0 NONE
36 49 92 172.0 NONE
36 50 2 115.0 NONE
36 51 72 109.0 NONE
36 52 59 140.0 NONE
36 53 36 188.0 NONE
36 54 35 92.0 NONE
36 55 29 128.0 NONE
36 56 73 24.0 NONE
36 57 64 194.0 NONE
36 58 34 116.0 NONE
36 59 77 79.0 NONE
36 60 45 116.0 NONE
36 61 7 189.0 NONE
36 62 17 71.0 NONE
36 63 21 142.0 NONE
36 64 80 182.0 NONE
36 65 91 75.0 NONE
36 66 11 44.0 NONE
36 67 56 7.0 NONE
36 68 33 95.0 NONE
36 69 83 80.0 NONE
36 70 27 88.0 NONE
36 71 82 91.0 NONE
36 72 10 99.0 NONE
36 73 5 82.0 NONE
36 74 54 188.0 NONE
36 75 97 104.0 NONE
36 76 45 17.0 NONE
36 77 29 184.0 NONE
36 78 53 173.0 NONE
36 79 12 40.0 NONE
37 0 6 48.0 NONE
37 1 89 158.0 NONE
37 2 7 128.0 NONE
37 3 44 135.0 NONE
37 4 50 54.0 NONE
37 5 25 14.0 NONE
37 6 81 136.0 NONE
37 7 76 180.0 NONE
37 8 22 84.0 NONE
37 9 26 7.0 SEA
37 10 51 30.0 NONE
37 11 7 7.0 NONE
37 12 63 122.0 NONE
37 13 16 38.0 NONE
37 14 53 61.0 NONE
37 15 27 58.0 NONE
37 16 92 126.0 NONE
37 17 28 63.0 NONE
37 18 47 73.0 NONE
37 19 78 153.0 NONE
37 20 46 41.0 NONE
37 21 58 171.0 NONE
37 22 76 193.0 NONE
37 23 93 49.0 NONE
37 24 26 137.0 NONE
37 25 66 33.0 NONE
37 26 91 119.0 NONE
37 27 32 28.0 NONE
37 28 64 74.0 NONE
37 29 1 98.0 NONE
37 30 60 120.0 NONE
37 31 49 193.0 NONE
37 32 96 135.0 NONE
37 33 56 123.0 NONE
37 34 91 128.0 NONE
37 35 53 8.0 NONE
37 36 46 129.0 NONE
37 37 56 125.0 NONE
37 38 19 142.0 NONE
37 39 55 77.0 NONE
37 40 27 113.0 NONE
37 41 72 38.0 NONE
37 42 55 12.0 NONE
37 43 24 184.0 NONE
37 44 3 124.0 NONE
37 45 96 57.0 NONE
37 46 92 136.0 NONE
37 47 72 82.0 NONE
37 48 3 178.0 NONE
37 49 7 66.0 NONE
37 50 7 30.0 NONE
37 51 52 174.0 NONE
37 52 53 23.0 NONE
37 53 47 10.0 NONE
37 54 25 6.0 NONE
37 55 45 68.0 NONE
37 56 75 5.0 NONE
37 57 51 138.0 NONE
37 58 5 23.0 NONE
37 59 59 28.0 NONE
37 60 86 35.0 NONE
37 61 18 47.0 NONE
37 62 84 32.0 NONE
37 63 74 31.0 NONE
37 64 59 110.0 NONE
37 65 27 169.0 NONE
37 66 94 196.0 NONE
37 67 100 141.0 NONE
37 68 61 83.0 NONE
37 69 8 142.0 NONE
37 70 16 3.0 NONE
37 71 37 199.0 NONE
37 72 69 35.0 NONE
37 73 44 174.0 NONE
37 74 59 137.0 NONE
37 75 53 67.0 NONE
37 76 31 35.0 NONE
37 77 58 180.0 NONE
37 78 52 48.0 NONE
37 79 14 90.0 NONE
38 0 19 153.0 NONE
38 1 5 69.0 NONE
38 2 18 176.0 NONE
38 3 39 144.0 NONE
38 4 93 4.0 NONE
38 5 86 79.0 NONE
38 6 52 55.0 NONE
38 7 59 22.0 NONE
38 8 70 189.0 NONE
38 9 31 41.0 NONE
38 10 6 188.0 NONE
38 11 5 16.0 NONE
38 12 79 17.0 SEA
38 13 55 145.0 NONE
38 14 89 180.0 NONE
38 15 62 175.0 NONE
38 16 37 158.0 NONE
38 17 43 13.0 NONE
38 18 1 141.0 NONE
38 19 40 160.0 NONE
38 20 64 142.0 NONE
38 21 39 150.0 NONE
38 22 85 151.0 NONE
38 23 78 110.0 NONE
38 24 48 15.0 NONE
38 25 58 67.0 NONE
38 26 44 77.0 NONE
38 27 64 119.0 NONE
38 28 17 193.0 NONE
38 29 9 48.0 NONE
38 30 75 60.0 NONE
38 31 38 41.0 NONE
38 32 67 126.0 NONE
38 33 42 166.0 NONE
38 34 5 40.0 NONE
38 35 30 137.0 NONE
38 36 69 92.0 NONE
38 37 18 13.0 NONE
38 38 34 150.0 NONE
38 39 16 158.0 NONE
38 40 52 55.0 NONE
38 41 85 43.0 NONE
38 42 33 44.0 NONE
38 43 21 101.0 NONE
38 44 26 199.0 NONE
38 45 14 107.0 NONE
38 46 22 90.0 NONE
38 47 97 111.0 NONE
38 48 98 166.0 NONE
38 49 18 170.0 NONE
38 50 60 185.0 NONE
38 51 46 83.0 NONE
38 52 95 115.0 NONE
38 53 50 81.0 NONE
38 54 97 43.0 NONE
38 55 83 135.0 NONE
38 56 0 140.0 NONE
38 57 67 109.0 NONE
38 58 85 189.0 NONE
38 59 30 189.0 NONE
38 60 59 43.0 NONE
38 61 15 196.0 NONE
38 62 42 26.0 NONE
38 63 17 147.0 NONE
38 64 9 114.0 NONE
38 65 42 142.0 NONE
38 66 11 107.0 NONE
38 67 17 7.0 NONE
38 68 61 19.0 NONE
38 69 67 185.0 NONE
38 70 69 62.0 NONE
38 71 37 79.0 NONE
38 72 4 129.0 NONE
38 73 57 77.0 NONE
38 74 71 44.0 NONE
38 75 50 167.0 NONE
38 76 40 111.0 NONE
38 77 91 33.0 NONE
38 78 31 16.0 NONE
38 79 35 177.0 NONE
39 0 56 200.0 NONE
39 1 3 137.0 NONE
39 2 91 43.0 NONE
39 3 71 99.0 NONE
39 4 79 81.0 NONE
39 5 49 94.0 NONE
39 6 4 37.0 NONE
39 7 74 148.0 NONE
39 8 10 99.0 NONE
39 9 30 20.0 NONE
39 10 56 194.0 NONE
39 11 6 94.0 NONE
39 12 93 17.0 NONE
39 13 65 30.0 NONE
39 14 92 76.0 NONE
39 15 86 66.0 NONE
39 16 67 157.0 NONE
39 17 100 49.0 NONE
39 18 13 93.0 NONE
39 19 59 173.0 NONE
39 20 42 28.0 NONE
39 21 96 85.0 NONE
39 22 90 7.0 NONE
39 23 36 122.0 NONE
39 24 69 183.0 NONE
39 25 36 94.0 NONE
39 26 64 146.0 NONE
39 27 92 59.0 NONE
39 28 85 108.0 NONE
39 29 37 183.0 NONE
39 30 73 31.0 NONE
39 31 78 142.0 NONE
39 32 88 192.0 NONE
39 33 53 171.0 NONE
39 34 3 6.0 NONE
39 35 17 151.0 NONE
39 36 40 65.0 NONE
39 37 20 158.0 NONE
39 38 51 78.0 NONE
39 39 53 147.0 NONE
39 40 29 63.0 NONE
39 41 78 26.0 NONE
39 42 55 55.0 NONE
39 43 80 1.0 NONE
39 44 9 16.0 NONE
39 45 41 13.0 NONE
39 46 34 94.0 NONE
39 47 98 73.0 NONE
39 48 27 198.0 NONE
39 49 47 194.0 NONE
39 50 37 32.0 NONE
39 51 43 199.0 NONE
39 52 96 150.0 NONE
39 53 74 106.0 NONE
39 54 79 129.0 NONE
39 55 96 141.0 NONE
39 56 59 110.0 NONE
39 57 9 40.0 NONE
39 58 39 92.0 NONE
39 59 69 161.0 NONE
39 60 84 57.0 NONE
39 61 29 164.0 NONE
39 62 38 102.0 NONE
39 63 28 187.0 NONE
39 64 47 19.0 NONE
39 65 92 71.0 NONE
39 66 18 18.0 NONE
39 67 2 117.0 NONE
39 68 24 123.0 NONE
39 69 88 31.0 NONE
39 70 88 175.0 NONE
39 71 71 39.0 NONE
39 72 88 170.0 NONE
39 73 72 40.0 NONE
39 74 11 65.0 NONE
39 75 48 6.0 NONE
39 76 72 91.0 NONE
39 77 80 41.0 NONE
39 78 66 0.0 NONE
39 79 99 50.0 NONE